Date,Open,High,Low,Close,Volume,Adj Close
2019-01-02,103.945999,103.945999,103.945999,103.945999,0.000000,103.945999
2019-01-03,104.623001,104.623001,104.623001,104.623001,0.000000,104.623001
2019-01-04,105.691002,105.691002,105.691002,105.691002,0.000000,105.691002
2019-01-07,106.781998,106.781998,106.781998,106.781998,0.000000,106.781998
2019-01-08,108.366997,108.366997,108.366997,108.366997,0.000000,108.366997
2019-01-09,108.752998,108.752998,108.752998,108.752998,0.000000,108.752998
2019-01-10,109.642998,109.642998,109.642998,109.642998,0.000000,109.642998
2019-01-11,110.338997,110.338997,110.338997,110.338997,0.000000,110.338997
2019-01-14,110.069000,110.069000,110.069000,110.069000,0.000000,110.069000
2019-01-15,110.740997,110.740997,110.740997,110.740997,0.000000,110.740997
2019-01-16,111.353996,111.353996,111.353996,111.353996,0.000000,111.353996
2019-01-17,111.603996,111.603996,111.603996,111.603996,0.000000,111.603996
2019-01-18,112.259003,112.259003,112.259003,112.259003,0.000000,112.259003
2019-01-22,112.103996,112.103996,112.103996,112.103996,0.000000,112.103996
2019-01-23,112.422997,112.422997,112.422997,112.422997,0.000000,112.422997
2019-01-24,112.490997,112.490997,112.490997,112.490997,0.000000,112.490997
2019-01-25,113.934998,113.934998,113.934998,113.934998,0.000000,113.934998
2019-01-28,114.570000,114.570000,114.570000,114.570000,0.000000,114.570000
2019-01-29,115.462997,115.462997,115.462997,115.462997,0.000000,115.462997
2019-01-30,116.085999,116.085999,116.085999,116.085999,0.000000,116.085999
2019-01-31,116.905998,116.905998,116.905998,116.905998,0.000000,116.905998
2019-02-01,116.189003,116.189003,116.189003,116.189003,0.000000,116.189003
2019-02-04,116.681999,116.681999,116.681999,116.681999,0.000000,116.681999
2019-02-05,117.108002,117.108002,117.108002,117.108002,0.000000,117.108002
2019-02-06,116.857002,116.857002,116.857002,116.857002,0.000000,116.857002
2019-02-07,117.272003,117.272003,117.272003,117.272003,0.000000,117.272003
2019-02-08,117.083000,117.083000,117.083000,117.083000,0.000000,117.083000
2019-02-11,117.174004,117.174004,117.174004,117.174004,0.000000,117.174004
2019-02-12,116.566002,116.566002,116.566002,116.566002,0.000000,116.566002
2019-02-13,116.847000,116.847000,116.847000,116.847000,0.000000,116.847000
2019-02-14,116.946999,116.946999,116.946999,116.946999,0.000000,116.946999
2019-02-15,117.218002,117.218002,117.218002,117.218002,0.000000,117.218002
2019-02-19,117.830002,117.830002,117.830002,117.830002,0.000000,117.830002
2019-02-20,117.500000,117.500000,117.500000,117.500000,0.000000,117.500000
2019-02-21,117.589996,117.589996,117.589996,117.589996,0.000000,117.589996
2019-02-22,118.142998,118.142998,118.142998,118.142998,0.000000,118.142998
2019-02-25,117.613998,117.613998,117.613998,117.613998,0.000000,117.613998
2019-02-26,117.551003,117.551003,117.551003,117.551003,0.000000,117.551003
2019-02-27,117.285004,117.285004,117.285004,117.285004,0.000000,117.285004
2019-02-28,117.202003,117.202003,117.202003,117.202003,0.000000,117.202003
2019-03-01,117.064003,117.064003,117.064003,117.064003,0.000000,117.064003
2019-03-04,117.382004,117.382004,117.382004,117.382004,0.000000,117.382004
2019-03-05,117.658997,117.658997,117.658997,117.658997,0.000000,117.658997
2019-03-06,117.439003,117.439003,117.439003,117.439003,0.000000,117.439003
2019-03-07,117.459000,117.459000,117.459000,117.459000,0.000000,117.459000
2019-03-08,117.565002,117.565002,117.565002,117.565002,0.000000,117.565002
2019-03-11,118.686996,118.686996,118.686996,118.686996,0.000000,118.686996
2019-03-12,119.457001,119.457001,119.457001,119.457001,0.000000,119.457001
2019-03-13,120.028000,120.028000,120.028000,120.028000,0.000000,120.028000
2019-03-14,120.347000,120.347000,120.347000,120.347000,0.000000,120.347000
2019-03-15,120.342003,120.342003,120.342003,120.342003,0.000000,120.342003
2019-03-18,,,,,,
2019-03-19,120.235001,120.235001,120.235001,120.235001,0.000000,120.235001
2019-03-20,120.257004,120.257004,120.257004,120.257004,0.000000,120.257004
2019-03-21,121.458000,121.458000,121.458000,121.458000,0.000000,121.458000
2019-03-22,121.315002,121.315002,121.315002,121.315002,0.000000,121.315002
2019-03-25,121.380997,121.380997,121.380997,121.380997,0.000000,121.380997
2019-03-26,122.382004,122.382004,122.382004,122.382004,0.000000,122.382004
2019-03-27,122.302002,122.302002,122.302002,122.302002,0.000000,122.302002
2019-03-28,122.806000,122.806000,122.806000,122.806000,0.000000,122.806000
2019-03-29,122.498001,122.498001,122.498001,122.498001,0.000000,122.498001
2019-04-01,122.735001,122.735001,122.735001,122.735001,0.000000,122.735001
2019-04-02,122.805000,122.805000,122.805000,122.805000,0.000000,122.805000
2019-04-03,123.146004,123.146004,123.146004,123.146004,0.000000,123.146004
2019-04-04,122.625999,122.625999,122.625999,122.625999,0.000000,122.625999
2019-04-05,122.573997,122.573997,122.573997,122.573997,0.000000,122.573997
2019-04-08,122.223000,122.223000,122.223000,122.223000,0.000000,122.223000
2019-04-09,121.649002,121.649002,121.649002,121.649002,0.000000,121.649002
2019-04-10,122.661003,122.661003,122.661003,122.661003,0.000000,122.661003
2019-04-11,122.316002,122.316002,122.316002,122.316002,0.000000,122.316002
2019-04-12,122.540001,122.540001,122.540001,122.540001,0.000000,122.540001
2019-04-15,122.044998,122.044998,122.044998,122.044998,0.000000,122.044998
2019-04-16,120.325996,120.325996,120.325996,120.325996,0.000000,120.325996
2019-04-17,119.432999,119.432999,119.432999,119.432999,0.000000,119.432999
2019-04-18,120.028999,120.028999,120.028999,120.028999,0.000000,120.028999
2019-04-22,,,,,,
2019-04-23,120.160004,120.160004,120.160004,120.160004,0.000000,120.160004
2019-04-24,120.992996,120.992996,120.992996,120.992996,0.000000,120.992996
2019-04-25,121.008003,121.008003,121.008003,121.008003,0.000000,121.008003
2019-04-26,121.558998,121.558998,121.558998,121.558998,0.000000,121.558998
2019-04-29,120.828003,120.828003,120.828003,120.828003,0.000000,120.828003
2019-04-30,121.264999,121.264999,121.264999,121.264999,0.000000,121.264999
2019-05-01,121.677002,121.677002,121.677002,121.677002,0.000000,121.677002
2019-05-02,121.665001,121.665001,121.665001,121.665001,0.000000,121.665001
2019-05-03,122.293999,122.293999,122.293999,122.293999,0.000000,122.293999
2019-05-06,,,,,,
2019-05-07,121.080002,121.080002,121.080002,121.080002,0.000000,121.080002
2019-05-08,120.392998,120.392998,120.392998,120.392998,0.000000,120.392998
2019-05-09,120.581001,120.581001,120.581001,120.581001,0.000000,120.581001
2019-05-10,121.587997,121.587997,121.587997,121.587997,0.000000,121.587997
2019-05-13,121.509003,121.509003,121.509003,121.509003,0.000000,121.509003
2019-05-14,121.589996,121.589996,121.589996,121.589996,0.000000,121.589996
2019-05-15,122.112999,122.112999,122.112999,122.112999,0.000000,122.112999
2019-05-16,122.876999,122.876999,122.876999,122.876999,0.000000,122.876999
2019-05-17,122.622002,122.622002,122.622002,122.622002,0.000000,122.622002
2019-05-20,122.294998,122.294998,122.294998,122.294998,0.000000,122.294998
2019-05-21,123.003998,123.003998,123.003998,123.003998,0.000000,123.003998
2019-05-22,122.792000,122.792000,122.792000,122.792000,0.000000,122.792000
2019-05-23,122.859001,122.859001,122.859001,122.859001,0.000000,122.859001
2019-05-24,123.463997,123.463997,123.463997,123.463997,0.000000,123.463997
2019-05-28,122.519997,122.519997,122.519997,122.519997,0.000000,122.519997
2019-05-29,121.288002,121.288002,121.288002,121.288002,0.000000,121.288002
2019-05-30,120.955002,120.955002,120.955002,120.955002,0.000000,120.955002
2019-05-31,121.199997,121.199997,121.199997,121.199997,0.000000,121.199997
2019-06-03,,,,,,
2019-06-04,121.389999,121.389999,121.389999,121.389999,0.000000,121.389999
2019-06-05,123.222000,123.222000,123.222000,123.222000,0.000000,123.222000
2019-06-06,123.538002,123.538002,123.538002,123.538002,0.000000,123.538002
2019-06-07,124.061996,124.061996,124.061996,124.061996,0.000000,124.061996
2019-06-10,124.002998,124.002998,124.002998,124.002998,0.000000,124.002998
2019-06-11,124.093002,124.093002,124.093002,124.093002,0.000000,124.093002
2019-06-12,123.930000,123.930000,123.930000,123.930000,0.000000,123.930000
2019-06-13,124.473000,124.473000,124.473000,124.473000,0.000000,124.473000
2019-06-14,124.497002,124.497002,124.497002,124.497002,0.000000,124.497002
2019-06-17,125.095001,125.095001,125.095001,125.095001,0.000000,125.095001
2019-06-18,125.255997,125.255997,125.255997,125.255997,0.000000,125.255997
2019-06-19,125.740997,125.740997,125.740997,125.740997,0.000000,125.740997
2019-06-20,126.644997,126.644997,126.644997,126.644997,0.000000,126.644997
2019-06-21,125.402000,125.402000,125.402000,125.402000,0.000000,125.402000
2019-06-24,125.317001,125.317001,125.317001,125.317001,0.000000,125.317001
2019-06-25,124.688004,124.688004,124.688004,124.688004,0.000000,124.688004
2019-06-26,122.677002,122.677002,122.677002,122.677002,0.000000,122.677002
2019-06-27,123.069000,123.069000,123.069000,123.069000,0.000000,123.069000
2019-06-28,123.504997,123.504997,123.504997,123.504997,0.000000,123.504997
2019-07-01,123.745003,123.745003,123.745003,123.745003,0.000000,123.745003
2019-07-02,125.115997,125.115997,125.115997,125.115997,0.000000,125.115997
2019-07-03,126.792000,126.792000,126.792000,126.792000,0.000000,126.792000
2019-07-05,126.627998,126.627998,126.627998,126.627998,0.000000,126.627998
2019-07-08,126.429001,126.429001,126.429001,126.429001,0.000000,126.429001
2019-07-09,126.686996,126.686996,126.686996,126.686996,0.000000,126.686996
2019-07-10,127.032997,127.032997,127.032997,127.032997,0.000000,127.032997
2019-07-11,126.373001,126.373001,126.373001,126.373001,0.000000,126.373001
2019-07-12,126.292999,126.292999,126.292999,126.292999,0.000000,126.292999
2019-07-15,126.180000,126.180000,126.180000,126.180000,0.000000,126.180000
2019-07-16,125.919998,125.919998,125.919998,125.919998,0.000000,125.919998
2019-07-17,125.801003,125.801003,125.801003,125.801003,0.000000,125.801003
2019-07-18,125.876999,125.876999,125.876999,125.876999,0.000000,125.876999
2019-07-19,124.939003,124.939003,124.939003,124.939003,0.000000,124.939003
2019-07-22,124.322998,124.322998,124.322998,124.322998,0.000000,124.322998
2019-07-23,125.021004,125.021004,125.021004,125.021004,0.000000,125.021004
2019-07-24,125.018997,125.018997,125.018997,125.018997,0.000000,125.018997
2019-07-25,124.477997,124.477997,124.477997,124.477997,0.000000,124.477997
2019-07-26,124.555000,124.555000,124.555000,124.555000,0.000000,124.555000
2019-07-29,124.656998,124.656998,124.656998,124.656998,0.000000,124.656998
2019-07-30,124.773003,124.773003,124.773003,124.773003,0.000000,124.773003
2019-07-31,123.970001,123.970001,123.970001,123.970001,0.000000,123.970001
2019-08-01,123.400002,123.400002,123.400002,123.400002,0.000000,123.400002
2019-08-02,124.085999,124.085999,124.085999,124.085999,0.000000,124.085999
2019-08-05,,,,,,
2019-08-06,122.248001,122.248001,122.248001,122.248001,0.000000,122.248001
2019-08-07,123.209999,123.209999,123.209999,123.209999,0.000000,123.209999
2019-08-08,124.473999,124.473999,124.473999,124.473999,0.000000,124.473999
2019-08-09,124.514000,124.514000,124.514000,124.514000,0.000000,124.514000
2019-08-12,124.216003,124.216003,124.216003,124.216003,0.000000,124.216003
2019-08-13,123.874001,123.874001,123.874001,123.874001,0.000000,123.874001
2019-08-14,123.064003,123.064003,123.064003,123.064003,0.000000,123.064003
2019-08-15,123.998001,123.998001,123.998001,123.998001,0.000000,123.998001
2019-08-16,125.403000,125.403000,125.403000,125.403000,0.000000,125.403000
2019-08-19,126.351997,126.351997,126.351997,126.351997,0.000000,126.351997
2019-08-20,125.764000,125.764000,125.764000,125.764000,0.000000,125.764000
2019-08-21,126.055000,126.055000,126.055000,126.055000,0.000000,126.055000
2019-08-22,126.275002,126.275002,126.275002,126.275002,0.000000,126.275002
2019-08-23,125.658997,125.658997,125.658997,125.658997,0.000000,125.658997
2019-08-26,125.842003,125.842003,125.842003,125.842003,0.000000,125.842003
2019-08-27,125.714996,125.714996,125.714996,125.714996,0.000000,125.714996
2019-08-28,126.064003,126.064003,126.064003,126.064003,0.000000,126.064003
2019-08-29,126.526001,126.526001,126.526001,126.526001,0.000000,126.526001
2019-08-30,126.910004,126.910004,126.910004,126.910004,0.000000,126.910004
2019-09-03,126.998001,126.998001,126.998001,126.998001,0.000000,126.998001
2019-09-04,128.565002,128.565002,128.565002,128.565002,0.000000,128.565002
2019-09-05,127.730003,127.730003,127.730003,127.730003,0.000000,127.730003
2019-09-06,127.849998,127.849998,127.849998,127.849998,0.000000,127.849998
2019-09-09,127.235001,127.235001,127.235001,127.235001,0.000000,127.235001
2019-09-10,125.632004,125.632004,125.632004,125.632004,0.000000,125.632004
2019-09-11,125.646004,125.646004,125.646004,125.646004,0.000000,125.646004
2019-09-12,125.944000,125.944000,125.944000,125.944000,0.000000,125.944000
2019-09-13,125.634003,125.634003,125.634003,125.634003,0.000000,125.634003
2019-09-16,126.077003,126.077003,126.077003,126.077003,0.000000,126.077003
2019-09-17,127.356003,127.356003,127.356003,127.356003,0.000000,127.356003
2019-09-18,127.271004,127.271004,127.271004,127.271004,0.000000,127.271004
2019-09-19,127.755997,127.755997,127.755997,127.755997,0.000000,127.755997
2019-09-20,127.892998,127.892998,127.892998,127.892998,0.000000,127.892998
2019-09-23,127.980003,127.980003,127.980003,127.980003,0.000000,127.980003
2019-09-24,127.947998,127.947998,127.947998,127.947998,0.000000,127.947998
2019-09-25,128.138000,128.138000,128.138000,128.138000,0.000000,128.138000
2019-09-26,128.979004,128.979004,128.979004,128.979004,0.000000,128.979004
2019-09-27,128.606003,128.606003,128.606003,128.606003,0.000000,128.606003
2019-09-30,128.843994,128.843994,128.843994,128.843994,0.000000,128.843994
2019-10-01,128.123993,128.123993,128.123993,128.123993,0.000000,128.123993
2019-10-02,127.959000,127.959000,127.959000,127.959000,0.000000,127.959000
2019-10-03,129.093994,129.093994,129.093994,129.093994,0.000000,129.093994
2019-10-04,129.785995,129.785995,129.785995,129.785995,0.000000,129.785995
2019-10-07,129.863998,129.863998,129.863998,129.863998,0.000000,129.863998
2019-10-08,129.302002,129.302002,129.302002,129.302002,0.000000,129.302002
2019-10-09,129.425995,129.425995,129.425995,129.425995,0.000000,129.425995
2019-10-10,129.074005,129.074005,129.074005,129.074005,0.000000,129.074005
2019-10-11,129.524994,129.524994,129.524994,129.524994,0.000000,129.524994
2019-10-14,,,,,,
2019-10-15,129.895996,129.895996,129.895996,129.895996,0.000000,129.895996
2019-10-16,130.570999,130.570999,130.570999,130.570999,0.000000,130.570999
2019-10-17,130.949005,130.949005,130.949005,130.949005,0.000000,130.949005
2019-10-18,131.141006,131.141006,131.141006,131.141006,0.000000,131.141006
2019-10-21,131.595001,131.595001,131.595001,131.595001,0.000000,131.595001
2019-10-22,131.395996,131.395996,131.395996,131.395996,0.000000,131.395996
2019-10-23,131.615997,131.615997,131.615997,131.615997,0.000000,131.615997
2019-10-24,131.796997,131.796997,131.796997,131.796997,0.000000,131.796997
2019-10-25,131.242004,131.242004,131.242004,131.242004,0.000000,131.242004
2019-10-28,,,,,,
2019-10-29,131.261002,131.261002,131.261002,131.261002,0.000000,131.261002
2019-10-30,132.354996,132.354996,132.354996,132.354996,0.000000,132.354996
2019-10-31,132.740997,132.740997,132.740997,132.740997,0.000000,132.740997
2019-11-01,132.822006,132.822006,132.822006,132.822006,0.000000,132.822006
2019-11-04,132.085007,132.085007,132.085007,132.085007,0.000000,132.085007
2019-11-05,130.162003,130.162003,130.162003,130.162003,0.000000,130.162003
2019-11-06,130.440002,130.440002,130.440002,130.440002,0.000000,130.440002
2019-11-07,129.641998,129.641998,129.641998,129.641998,0.000000,129.641998
2019-11-08,128.619003,128.619003,128.619003,128.619003,0.000000,128.619003
2019-11-11,,,,,,
2019-11-12,127.763000,127.763000,127.763000,127.763000,0.000000,127.763000
2019-11-13,128.158005,128.158005,128.158005,128.158005,0.000000,128.158005
2019-11-14,128.949997,128.949997,128.949997,128.949997,0.000000,128.949997
2019-11-15,129.934006,129.934006,129.934006,129.934006,0.000000,129.934006
2019-11-18,131.020996,131.020996,131.020996,131.020996,0.000000,131.020996
2019-11-19,131.451004,131.451004,131.451004,131.451004,0.000000,131.451004
2019-11-20,130.955002,130.955002,130.955002,130.955002,0.000000,130.955002
2019-11-21,129.563004,129.563004,129.563004,129.563004,0.000000,129.563004
2019-11-22,129.121002,129.121002,129.121002,129.121002,0.000000,129.121002
2019-11-25,129.789993,129.789993,129.789993,129.789993,0.000000,129.789993
2019-11-26,131.190002,131.190002,131.190002,131.190002,0.000000,131.190002
2019-11-27,131.720993,131.720993,131.720993,131.720993,0.000000,131.720993
2019-11-29,131.309006,131.309006,131.309006,131.309006,0.000000,131.309006
2019-12-02,130.059998,130.059998,130.059998,130.059998,0.000000,130.059998
2019-12-03,130.404999,130.404999,130.404999,130.404999,0.000000,130.404999
2019-12-04,130.473999,130.473999,130.473999,130.473999,0.000000,130.473999
2019-12-05,130.824997,130.824997,130.824997,130.824997,0.000000,130.824997
2019-12-06,131.076004,131.076004,131.076004,131.076004,0.000000,131.076004
2019-12-09,131.046005,131.046005,131.046005,131.046005,0.000000,131.046005
2019-12-10,130.764008,130.764008,130.764008,130.764008,0.000000,130.764008
2019-12-11,129.139999,129.139999,129.139999,129.139999,0.000000,129.139999
2019-12-12,127.577003,127.577003,127.577003,127.577003,0.000000,127.577003
2019-12-13,127.629997,127.629997,127.629997,127.629997,0.000000,127.629997
2019-12-16,128.149994,128.149994,128.149994,128.149994,0.000000,128.149994
2019-12-17,127.310997,127.310997,127.310997,127.310997,0.000000,127.310997
2019-12-18,127.742996,127.742996,127.742996,127.742996,0.000000,127.742996
2019-12-19,128.427002,128.427002,128.427002,128.427002,0.000000,128.427002
2019-12-20,129.020004,129.020004,129.020004,129.020004,0.000000,129.020004
2019-12-23,128.526001,128.526001,128.526001,128.526001,0.000000,128.526001
2019-12-24,128.856003,128.856003,128.856003,128.856003,0.000000,128.856003
2019-12-26,,,,,,
2019-12-27,,,,,,
2019-12-30,130.332993,130.332993,130.332993,130.332993,0.000000,130.332993
2019-12-31,131.041000,131.041000,131.041000,131.041000,0.000000,131.041000
2020-01-02,129.962997,129.962997,129.962997,129.962997,0.000000,129.962997
2020-01-03,130.895004,130.895004,130.895004,130.895004,0.000000,130.895004
2020-01-06,130.737000,130.737000,130.737000,130.737000,0.000000,130.737000
2020-01-07,129.968002,129.968002,129.968002,129.968002,0.000000,129.968002
2020-01-08,129.667007,129.667007,129.667007,129.667007,0.000000,129.667007
2020-01-09,129.729996,129.729996,129.729996,129.729996,0.000000,129.729996
2020-01-10,130.473999,130.473999,130.473999,130.473999,0.000000,130.473999
2020-01-13,131.647995,131.647995,131.647995,131.647995,0.000000,131.647995
2020-01-14,131.440994,131.440994,131.440994,131.440994,0.000000,131.440994
2020-01-15,132.391006,132.391006,132.391006,132.391006,0.000000,132.391006
2020-01-16,133.488007,133.488007,133.488007,133.488007,0.000000,133.488007
2020-01-17,134.031998,134.031998,134.031998,134.031998,0.000000,134.031998
2020-01-21,134.662994,134.662994,134.662994,134.662994,0.000000,134.662994
2020-01-22,134.375000,134.375000,134.375000,134.375000,0.000000,134.375000
2020-01-23,134.919998,134.919998,134.919998,134.919998,0.000000,134.919998
2020-01-24,135.076004,135.076004,135.076004,135.076004,0.000000,135.076004
2020-01-27,134.460007,134.460007,134.460007,134.460007,0.000000,134.460007
2020-01-28,134.531998,134.531998,134.531998,134.531998,0.000000,134.531998
2020-01-29,134.712006,134.712006,134.712006,134.712006,0.000000,134.712006
2020-01-30,134.873001,134.873001,134.873001,134.873001,0.000000,134.873001
2020-01-31,134.309998,134.309998,134.309998,134.309998,0.000000,134.309998
2020-02-03,134.253006,134.253006,134.253006,134.253006,0.000000,134.253006
2020-02-04,135.098007,135.098007,135.098007,135.098007,0.000000,135.098007
2020-02-05,134.895996,134.895996,134.895996,134.895996,0.000000,134.895996
2020-02-06,135.574997,135.574997,135.574997,135.574997,0.000000,135.574997
2020-02-07,135.757996,135.757996,135.757996,135.757996,0.000000,135.757996
2020-02-10,136.557007,136.557007,136.557007,136.557007,0.000000,136.557007
2020-02-11,136.783005,136.783005,136.783005,136.783005,0.000000,136.783005
2020-02-12,137.156006,137.156006,137.156006,137.156006,0.000000,137.156006
2020-02-13,137.959000,137.959000,137.959000,137.959000,0.000000,137.959000
2020-02-14,139.225006,139.225006,139.225006,139.225006,0.000000,139.225006
2020-02-18,139.261002,139.261002,139.261002,139.261002,0.000000,139.261002
2020-02-19,138.201996,138.201996,138.201996,138.201996,0.000000,138.201996
2020-02-20,138.768997,138.768997,138.768997,138.768997,0.000000,138.768997
2020-02-21,138.828003,138.828003,138.828003,138.828003,0.000000,138.828003
2020-02-24,137.039993,137.039993,137.039993,137.039993,0.000000,137.039993
2020-02-25,134.173996,134.173996,134.173996,134.173996,0.000000,134.173996
2020-02-26,132.240005,132.240005,132.240005,132.240005,0.000000,132.240005
2020-02-27,127.323997,127.323997,127.323997,127.323997,0.000000,127.323997
2020-02-28,123.759003,123.759003,123.759003,123.759003,0.000000,123.759003
2020-03-02,126.883003,126.883003,126.883003,126.883003,0.000000,126.883003
2020-03-03,128.026993,128.026993,128.026993,128.026993,0.000000,128.026993
2020-03-04,131.813995,131.813995,131.813995,131.813995,0.000000,131.813995
2020-03-05,131.097000,131.097000,131.097000,131.097000,0.000000,131.097000
2020-03-06,128.498993,128.498993,128.498993,128.498993,0.000000,128.498993
2020-03-09,120.610001,120.610001,120.610001,120.610001,0.000000,120.610001
2020-03-10,122.466003,122.466003,122.466003,122.466003,0.000000,122.466003
2020-03-11,117.261002,117.261002,117.261002,117.261002,0.000000,117.261002
2020-03-12,106.531998,106.531998,106.531998,106.531998,0.000000,106.531998
2020-03-13,109.633003,109.633003,109.633003,109.633003,0.000000,109.633003
2020-03-16,94.014999,94.014999,94.014999,94.014999,0.000000,94.014999
2020-03-17,,,,,,
2020-03-18,87.213997,87.213997,87.213997,87.213997,0.000000,87.213997
2020-03-19,85.361000,85.361000,85.361000,85.361000,0.000000,85.361000
2020-03-20,85.330002,85.330002,85.330002,85.330002,0.000000,85.330002
2020-03-23,82.664001,82.664001,82.664001,82.664001,0.000000,82.664001
2020-03-24,89.820999,89.820999,89.820999,89.820999,0.000000,89.820999
2020-03-25,94.085999,94.085999,94.085999,94.085999,0.000000,94.085999
2020-03-26,98.397003,98.397003,98.397003,98.397003,0.000000,98.397003
2020-03-27,99.491997,99.491997,99.491997,99.491997,0.000000,99.491997
2020-03-30,100.382004,100.382004,100.382004,100.382004,0.000000,100.382004
2020-03-31,100.448997,100.448997,100.448997,100.448997,0.000000,100.448997
2020-04-01,95.750999,95.750999,95.750999,95.750999,0.000000,95.750999
2020-04-02,94.929001,94.929001,94.929001,94.929001,0.000000,94.929001
2020-04-03,93.010002,93.010002,93.010002,93.010002,0.000000,93.010002
2020-04-06,98.038002,98.038002,98.038002,98.038002,0.000000,98.038002
2020-04-07,100.012001,100.012001,100.012001,100.012001,0.000000,100.012001
2020-04-08,104.320999,104.320999,104.320999,104.320999,0.000000,104.320999
2020-04-09,108.372002,108.372002,108.372002,108.372002,0.000000,108.372002
2020-04-13,,,,,,
2020-04-14,107.477997,107.477997,107.477997,107.477997,0.000000,107.477997
2020-04-15,104.316002,104.316002,104.316002,104.316002,0.000000,104.316002
2020-04-16,103.375999,103.375999,103.375999,103.375999,0.000000,103.375999
2020-04-17,106.379997,106.379997,106.379997,106.379997,0.000000,106.379997
2020-04-20,103.846001,103.846001,103.846001,103.846001,0.000000,103.846001
2020-04-21,101.268997,101.268997,101.268997,101.268997,0.000000,101.268997
2020-04-22,102.321999,102.321999,102.321999,102.321999,0.000000,102.321999
2020-04-23,102.070000,102.070000,102.070000,102.070000,0.000000,102.070000
2020-04-24,102.095001,102.095001,102.095001,102.095001,0.000000,102.095001
2020-04-27,104.821999,104.821999,104.821999,104.821999,0.000000,104.821999
2020-04-28,105.348000,105.348000,105.348000,105.348000,0.000000,105.348000
2020-04-29,106.594002,106.594002,106.594002,106.594002,0.000000,106.594002
2020-04-30,106.155998,106.155998,106.155998,106.155998,0.000000,106.155998
2020-05-01,103.638000,103.638000,103.638000,103.638000,0.000000,103.638000
2020-05-04,,,,,,
2020-05-05,103.482002,103.482002,103.482002,103.482002,0.000000,103.482002
2020-05-06,102.677002,102.677002,102.677002,102.677002,0.000000,102.677002
2020-05-07,104.183998,104.183998,104.183998,104.183998,0.000000,104.183998
2020-05-08,106.570000,106.570000,106.570000,106.570000,0.000000,106.570000
2020-05-11,105.755997,105.755997,105.755997,105.755997,0.000000,105.755997
2020-05-12,102.265999,102.265999,102.265999,102.265999,0.000000,102.265999
2020-05-13,100.612000,100.612000,100.612000,100.612000,0.000000,100.612000
2020-05-14,100.402000,100.402000,100.402000,100.402000,0.000000,100.402000
2020-05-15,100.128998,100.128998,100.128998,100.128998,0.000000,100.128998
2020-05-18,104.167999,104.167999,104.167999,104.167999,0.000000,104.167999
2020-05-19,104.458000,104.458000,104.458000,104.458000,0.000000,104.458000
2020-05-20,105.316002,105.316002,105.316002,105.316002,0.000000,105.316002
2020-05-21,105.213997,105.213997,105.213997,105.213997,0.000000,105.213997
2020-05-22,104.669998,104.669998,104.669998,104.669998,0.000000,104.669998
2020-05-26,108.883003,108.883003,108.883003,108.883003,0.000000,108.883003
2020-05-27,109.485001,109.485001,109.485001,109.485001,0.000000,109.485001
2020-05-28,109.555000,109.555000,109.555000,109.555000,0.000000,109.555000
2020-05-29,109.061996,109.061996,109.061996,109.061996,0.000000,109.061996
2020-06-01,,,,,,
2020-06-02,112.769997,112.769997,112.769997,112.769997,0.000000,112.769997
2020-06-03,116.055000,116.055000,116.055000,116.055000,0.000000,116.055000
2020-06-04,116.263000,116.263000,116.263000,116.263000,0.000000,116.263000
2020-06-05,119.055000,119.055000,119.055000,119.055000,0.000000,119.055000
2020-06-08,121.350998,121.350998,121.350998,121.350998,0.000000,121.350998
2020-06-09,119.638000,119.638000,119.638000,119.638000,0.000000,119.638000
2020-06-10,116.855003,116.855003,116.855003,116.855003,0.000000,116.855003
2020-06-11,111.334999,111.334999,111.334999,111.334999,0.000000,111.334999
2020-06-12,114.018997,114.018997,114.018997,114.018997,0.000000,114.018997
2020-06-15,114.408997,114.408997,114.408997,114.408997,0.000000,114.408997
2020-06-16,116.954002,116.954002,116.954002,116.954002,0.000000,116.954002
2020-06-17,116.200996,116.200996,116.200996,116.200996,0.000000,116.200996
2020-06-18,115.935997,115.935997,115.935997,115.935997,0.000000,115.935997
2020-06-19,114.078003,114.078003,114.078003,114.078003,0.000000,114.078003
2020-06-22,113.978996,113.978996,113.978996,113.978996,0.000000,113.978996
2020-06-23,114.320000,114.320000,114.320000,114.320000,0.000000,114.320000
2020-06-24,112.036003,112.036003,112.036003,112.036003,0.000000,112.036003
2020-06-25,111.873001,111.873001,111.873001,111.873001,0.000000,111.873001
2020-06-26,110.927002,110.927002,110.927002,110.927002,0.000000,110.927002
2020-06-29,111.019997,111.019997,111.019997,111.019997,0.000000,111.019997
2020-06-30,111.959000,111.959000,111.959000,111.959000,0.000000,111.959000
2020-07-01,113.732002,113.732002,113.732002,113.732002,0.000000,113.732002
2020-07-02,114.049004,114.049004,114.049004,114.049004,0.000000,114.049004
2020-07-06,114.556999,114.556999,114.556999,114.556999,0.000000,114.556999
2020-07-07,112.811996,112.811996,112.811996,112.811996,0.000000,112.811996
2020-07-08,112.939003,112.939003,112.939003,112.939003,0.000000,112.939003
2020-07-09,112.043999,112.043999,112.043999,112.043999,0.000000,112.043999
2020-07-10,111.974998,111.974998,111.974998,111.974998,0.000000,111.974998
2020-07-13,111.903999,111.903999,111.903999,111.903999,0.000000,111.903999
2020-07-14,111.989998,111.989998,111.989998,111.989998,0.000000,111.989998
2020-07-15,113.272003,113.272003,113.272003,113.272003,0.000000,113.272003
2020-07-16,111.936996,111.936996,111.936996,111.936996,0.000000,111.936996
2020-07-17,112.903999,112.903999,112.903999,112.903999,0.000000,112.903999
2020-07-20,112.442001,112.442001,112.442001,112.442001,0.000000,112.442001
2020-07-21,113.410004,113.410004,113.410004,113.410004,0.000000,113.410004
2020-07-22,115.039001,115.039001,115.039001,115.039001,0.000000,115.039001
2020-07-23,114.834000,114.834000,114.834000,114.834000,0.000000,114.834000
2020-07-24,114.512001,114.512001,114.512001,114.512001,0.000000,114.512001
2020-07-27,115.342003,115.342003,115.342003,115.342003,0.000000,115.342003
2020-07-28,116.753998,116.753998,116.753998,116.753998,0.000000,116.753998
2020-07-29,118.834000,118.834000,118.834000,118.834000,0.000000,118.834000
2020-07-30,118.953003,118.953003,118.953003,118.953003,0.000000,118.953003
2020-07-31,119.320000,119.320000,119.320000,119.320000,0.000000,119.320000
2020-08-03,,,,,,
2020-08-04,119.811996,119.811996,119.811996,119.811996,0.000000,119.811996
2020-08-05,120.572998,120.572998,120.572998,120.572998,0.000000,120.572998
2020-08-06,120.792999,120.792999,120.792999,120.792999,0.000000,120.792999
2020-08-07,121.194000,121.194000,121.194000,121.194000,0.000000,121.194000
2020-08-10,121.018997,121.018997,121.018997,121.018997,0.000000,121.018997
2020-08-11,120.242996,120.242996,120.242996,120.242996,0.000000,120.242996
2020-08-12,120.947998,120.947998,120.947998,120.947998,0.000000,120.947998
2020-08-13,120.205002,120.205002,120.205002,120.205002,0.000000,120.205002
2020-08-14,119.752998,119.752998,119.752998,119.752998,0.000000,119.752998
2020-08-17,120.968002,120.968002,120.968002,120.968002,0.000000,120.968002
2020-08-18,120.771004,120.771004,120.771004,120.771004,0.000000,120.771004
2020-08-19,119.487000,119.487000,119.487000,119.487000,0.000000,119.487000
2020-08-20,119.691002,119.691002,119.691002,119.691002,0.000000,119.691002
2020-08-21,119.959000,119.959000,119.959000,119.959000,0.000000,119.959000
2020-08-24,120.222000,120.222000,120.222000,120.222000,0.000000,120.222000
2020-08-25,120.185997,120.185997,120.185997,120.185997,0.000000,120.185997
2020-08-26,119.487999,119.487999,119.487999,119.487999,0.000000,119.487999
2020-08-27,119.955002,119.955002,119.955002,119.955002,0.000000,119.955002
2020-08-28,120.984001,120.984001,120.984001,120.984001,0.000000,120.984001
2020-08-31,120.585999,120.585999,120.585999,120.585999,0.000000,120.585999
2020-09-01,120.557999,120.557999,120.557999,120.557999,0.000000,120.557999
2020-09-02,122.064003,122.064003,122.064003,122.064003,0.000000,122.064003
2020-09-03,121.292999,121.292999,121.292999,121.292999,0.000000,121.292999
2020-09-04,119.742996,119.742996,119.742996,119.742996,0.000000,119.742996
2020-09-08,118.731003,118.731003,118.731003,118.731003,0.000000,118.731003
2020-09-09,119.617996,119.617996,119.617996,119.617996,0.000000,119.617996
2020-09-10,118.635002,118.635002,118.635002,118.635002,0.000000,118.635002
2020-09-11,118.126999,118.126999,118.126999,118.126999,0.000000,118.126999
2020-09-14,120.160004,120.160004,120.160004,120.160004,0.000000,120.160004
2020-09-15,120.958000,120.958000,120.958000,120.958000,0.000000,120.958000
2020-09-16,121.318001,121.318001,121.318001,121.318001,0.000000,121.318001
2020-09-17,120.072998,120.072998,120.072998,120.072998,0.000000,120.072998
2020-09-18,118.668999,118.668999,118.668999,118.668999,0.000000,118.668999
2020-09-21,115.688004,115.688004,115.688004,115.688004,0.000000,115.688004
2020-09-22,116.387001,116.387001,116.387001,116.387001,0.000000,116.387001
2020-09-23,114.115997,114.115997,114.115997,114.115997,0.000000,114.115997
2020-09-24,114.098999,114.098999,114.098999,114.098999,0.000000,114.098999
2020-09-25,115.646004,115.646004,115.646004,115.646004,0.000000,115.646004
2020-09-28,117.972000,117.972000,117.972000,117.972000,0.000000,117.972000
2020-09-29,116.971001,116.971001,116.971001,116.971001,0.000000,116.971001
2020-09-30,117.389000,117.389000,117.389000,117.389000,0.000000,117.389000
2020-10-01,119.267998,119.267998,119.267998,119.267998,0.000000,119.267998
2020-10-02,120.473000,120.473000,120.473000,120.473000,0.000000,120.473000
2020-10-05,121.528999,121.528999,121.528999,121.528999,0.000000,121.528999
2020-10-06,121.151001,121.151001,121.151001,121.151001,0.000000,121.151001
2020-10-07,120.968002,120.968002,120.968002,120.968002,0.000000,120.968002
2020-10-08,122.117996,122.117996,122.117996,122.117996,0.000000,122.117996
2020-10-09,121.764000,121.764000,121.764000,121.764000,0.000000,121.764000
2020-10-12,,,,,,
2020-10-13,121.071999,121.071999,121.071999,121.071999,0.000000,121.071999
2020-10-14,120.227997,120.227997,120.227997,120.227997,0.000000,120.227997
2020-10-15,120.110001,120.110001,120.110001,120.110001,0.000000,120.110001
2020-10-16,118.820000,118.820000,118.820000,118.820000,0.000000,118.820000
2020-10-19,118.403000,118.403000,118.403000,118.403000,0.000000,118.403000
2020-10-20,118.730003,118.730003,118.730003,118.730003,0.000000,118.730003
2020-10-21,118.614998,118.614998,118.614998,118.614998,0.000000,118.614998
2020-10-22,118.867996,118.867996,118.867996,118.867996,0.000000,118.867996
2020-10-23,119.015999,119.015999,119.015999,119.015999,0.000000,119.015999
2020-10-26,,,,,,
2020-10-27,116.091003,116.091003,116.091003,116.091003,0.000000,116.091003
2020-10-28,113.567001,113.567001,113.567001,113.567001,0.000000,113.567001
2020-10-29,113.963997,113.963997,113.963997,113.963997,0.000000,113.963997
2020-10-30,113.383003,113.383003,113.383003,113.383003,0.000000,113.383003
2020-11-02,115.056999,115.056999,115.056999,115.056999,0.000000,115.056999
2020-11-03,117.496002,117.496002,117.496002,117.496002,0.000000,117.496002
2020-11-04,118.963997,118.963997,118.963997,118.963997,0.000000,118.963997
2020-11-05,120.258003,120.258003,120.258003,120.258003,0.000000,120.258003
2020-11-06,120.009003,120.009003,120.009003,120.009003,0.000000,120.009003
2020-11-09,119.653999,119.653999,119.653999,119.653999,0.000000,119.653999
2020-11-10,122.918999,122.918999,122.918999,122.918999,0.000000,122.918999
2020-11-11,,,,,,
2020-11-12,121.415001,121.415001,121.415001,121.415001,0.000000,121.415001
2020-11-13,122.953003,122.953003,122.953003,122.953003,0.000000,122.953003
2020-11-16,124.149002,124.149002,124.149002,124.149002,0.000000,124.149002
2020-11-17,124.711998,124.711998,124.711998,124.711998,0.000000,124.711998
2020-11-18,123.016998,123.016998,123.016998,123.016998,0.000000,123.016998
2020-11-19,123.286003,123.286003,123.286003,123.286003,0.000000,123.286003
2020-11-20,122.944000,122.944000,122.944000,122.944000,0.000000,122.944000
2020-11-23,122.691002,122.691002,122.691002,122.691002,0.000000,122.691002
2020-11-24,123.996002,123.996002,123.996002,123.996002,0.000000,123.996002
2020-11-25,124.239998,124.239998,124.239998,124.239998,0.000000,124.239998
2020-11-27,123.501999,123.501999,123.501999,123.501999,0.000000,123.501999
2020-11-30,122.207001,122.207001,122.207001,122.207001,0.000000,122.207001
2020-12-01,123.806999,123.806999,123.806999,123.806999,0.000000,123.806999
2020-12-02,123.838997,123.838997,123.838997,123.838997,0.000000,123.838997
2020-12-03,125.364998,125.364998,125.364998,125.364998,0.000000,125.364998
2020-12-04,126.435997,126.435997,126.435997,126.435997,0.000000,126.435997
2020-12-07,125.587997,125.587997,125.587997,125.587997,0.000000,125.587997
2020-12-08,125.551003,125.551003,125.551003,125.551003,0.000000,125.551003
2020-12-09,125.306999,125.306999,125.306999,125.306999,0.000000,125.306999
2020-12-10,124.846001,124.846001,124.846001,124.846001,0.000000,124.846001
2020-12-11,124.875000,124.875000,124.875000,124.875000,0.000000,124.875000
2020-12-14,124.608002,124.608002,124.608002,124.608002,0.000000,124.608002
2020-12-15,126.432999,126.432999,126.432999,126.432999,0.000000,126.432999
2020-12-16,127.117996,127.117996,127.117996,127.117996,0.000000,127.117996
2020-12-17,127.526001,127.526001,127.526001,127.526001,0.000000,127.526001
2020-12-18,125.292000,125.292000,125.292000,125.292000,0.000000,125.292000
2020-12-21,123.791000,123.791000,123.791000,123.791000,0.000000,123.791000
2020-12-22,124.276001,124.276001,124.276001,124.276001,0.000000,124.276001
2020-12-23,124.866997,124.866997,124.866997,124.866997,0.000000,124.866997
2020-12-24,125.790001,125.790001,125.790001,125.790001,0.000000,125.790001
2020-12-28,,,,,,
2020-12-29,,,,,,
2020-12-30,127.044998,127.044998,127.044998,127.044998,0.000000,127.044998
2020-12-31,127.151001,127.151001,127.151001,127.151001,0.000000,127.151001
2021-01-04,124.460999,124.460999,124.460999,124.460999,0.000000,124.460999
2021-01-05,125.195999,125.195999,125.195999,125.195999,0.000000,125.195999
2021-01-06,125.848000,125.848000,125.848000,125.848000,0.000000,125.848000
2021-01-07,124.806999,124.806999,124.806999,124.806999,0.000000,124.806999
2021-01-08,125.917999,125.917999,125.917999,125.917999,0.000000,125.917999
2021-01-11,124.209999,124.209999,124.209999,124.209999,0.000000,124.209999
2021-01-12,124.623001,124.623001,124.623001,124.623001,0.000000,124.623001
2021-01-13,125.946999,125.946999,125.946999,125.946999,0.000000,125.946999
2021-01-14,126.510002,126.510002,126.510002,126.510002,0.000000,126.510002
2021-01-15,126.580002,126.580002,126.580002,126.580002,0.000000,126.580002
2021-01-19,126.799004,126.799004,126.799004,126.799004,0.000000,126.799004
2021-01-20,128.427002,128.427002,128.427002,128.427002,0.000000,128.427002
2021-01-21,127.790001,127.790001,127.790001,127.790001,0.000000,127.790001
2021-01-22,127.602997,127.602997,127.602997,127.602997,0.000000,127.602997
2021-01-25,127.513000,127.513000,127.513000,127.513000,0.000000,127.513000
2021-01-26,128.326004,128.326004,128.326004,128.326004,0.000000,128.326004
2021-01-27,126.014000,126.014000,126.014000,126.014000,0.000000,126.014000
2021-01-28,127.027000,127.027000,127.027000,127.027000,0.000000,127.027000
2021-01-29,125.503998,125.503998,125.503998,125.503998,0.000000,125.503998
2021-02-01,127.342003,127.342003,127.342003,127.342003,0.000000,127.342003
2021-02-02,128.317001,128.317001,128.317001,128.317001,0.000000,128.317001
2021-02-03,128.764008,128.764008,128.764008,128.764008,0.000000,128.764008
2021-02-04,129.007004,129.007004,129.007004,129.007004,0.000000,129.007004
2021-02-05,129.748993,129.748993,129.748993,129.748993,0.000000,129.748993
2021-02-08,130.518997,130.518997,130.518997,130.518997,0.000000,130.518997
2021-02-09,130.404007,130.404007,130.404007,130.404007,0.000000,130.404007
2021-02-10,131.320999,131.320999,131.320999,131.320999,0.000000,131.320999
2021-02-11,132.016006,132.016006,132.016006,132.016006,0.000000,132.016006
2021-02-12,131.582001,131.582001,131.582001,131.582001,0.000000,131.582001
2021-02-16,132.744003,132.744003,132.744003,132.744003,0.000000,132.744003
2021-02-17,131.985001,131.985001,131.985001,131.985001,0.000000,131.985001
2021-02-18,131.274002,131.274002,131.274002,131.274002,0.000000,131.274002
2021-02-19,132.498001,132.498001,132.498001,132.498001,0.000000,132.498001
2021-02-22,134.453995,134.453995,134.453995,134.453995,0.000000,134.453995
2021-02-23,136.203003,136.203003,136.203003,136.203003,0.000000,136.203003
2021-02-24,137.072006,137.072006,137.072006,137.072006,0.000000,137.072006
2021-02-25,135.518997,135.518997,135.518997,135.518997,0.000000,135.518997
2021-02-26,133.078003,133.078003,133.078003,133.078003,0.000000,133.078003
2021-03-01,133.882996,133.882996,133.882996,133.882996,0.000000,133.882996
2021-03-02,132.813004,132.813004,132.813004,132.813004,0.000000,132.813004
2021-03-03,133.792007,133.792007,133.792007,133.792007,0.000000,133.792007
2021-03-04,132.186005,132.186005,132.186005,132.186005,0.000000,132.186005
2021-03-05,131.597000,131.597000,131.597000,131.597000,0.000000,131.597000
2021-03-08,133.054001,133.054001,133.054001,133.054001,0.000000,133.054001
2021-03-09,133.498001,133.498001,133.498001,133.498001,0.000000,133.498001
2021-03-10,134.751999,134.751999,134.751999,134.751999,0.000000,134.751999
2021-03-11,135.535995,135.535995,135.535995,135.535995,0.000000,135.535995
2021-03-12,137.026001,137.026001,137.026001,137.026001,0.000000,137.026001
2021-03-15,137.975006,137.975006,137.975006,137.975006,0.000000,137.975006
2021-03-16,137.628998,137.628998,137.628998,137.628998,0.000000,137.628998
2021-03-17,,,,,,
2021-03-18,136.740997,136.740997,136.740997,136.740997,0.000000,136.740997
2021-03-19,135.358994,135.358994,135.358994,135.358994,0.000000,135.358994
2021-03-22,134.916000,134.916000,134.916000,134.916000,0.000000,134.916000
2021-03-23,133.973007,133.973007,133.973007,133.973007,0.000000,133.973007
2021-03-24,133.050995,133.050995,133.050995,133.050995,0.000000,133.050995
2021-03-25,133.738007,133.738007,133.738007,133.738007,0.000000,133.738007
2021-03-26,135.988998,135.988998,135.988998,135.988998,0.000000,135.988998
2021-03-29,134.858002,134.858002,134.858002,134.858002,0.000000,134.858002
2021-03-30,135.813995,135.813995,135.813995,135.813995,0.000000,135.813995
2021-03-31,134.352997,134.352997,134.352997,134.352997,0.000000,134.352997
2021-04-01,136.210007,136.210007,136.210007,136.210007,0.000000,136.210007
2021-04-05,,,,,,
2021-04-06,137.283997,137.283997,137.283997,137.283997,0.000000,137.283997
2021-04-07,138.149002,138.149002,138.149002,138.149002,0.000000,138.149002
2021-04-08,138.110001,138.110001,138.110001,138.110001,0.000000,138.110001
2021-04-09,137.781006,137.781006,137.781006,137.781006,0.000000,137.781006
2021-04-12,137.779007,137.779007,137.779007,137.779007,0.000000,137.779007
2021-04-13,138.714005,138.714005,138.714005,138.714005,0.000000,138.714005
2021-04-14,138.311005,138.311005,138.311005,138.311005,0.000000,138.311005
2021-04-15,139.389008,139.389008,139.389008,139.389008,0.000000,139.389008
2021-04-16,139.875000,139.875000,139.875000,139.875000,0.000000,139.875000
2021-04-19,140.044006,140.044006,140.044006,140.044006,0.000000,140.044006
2021-04-20,140.138000,140.138000,140.138000,140.138000,0.000000,140.138000
2021-04-21,140.296997,140.296997,140.296997,140.296997,0.000000,140.296997
2021-04-22,140.281998,140.281998,140.281998,140.281998,0.000000,140.281998
2021-04-23,140.737000,140.737000,140.737000,140.737000,0.000000,140.737000
2021-04-26,141.932999,141.932999,141.932999,141.932999,0.000000,141.932999
2021-04-27,141.621002,141.621002,141.621002,141.621002,0.000000,141.621002
2021-04-28,141.546005,141.546005,141.546005,141.546005,0.000000,141.546005
2021-04-29,142.087006,142.087006,142.087006,142.087006,0.000000,142.087006
2021-04-30,141.274002,141.274002,141.274002,141.274002,0.000000,141.274002
2021-05-03,,,,,,
2021-05-04,140.987000,140.987000,140.987000,140.987000,0.000000,140.987000
2021-05-05,139.639008,139.639008,139.639008,139.639008,0.000000,139.639008
2021-05-06,140.332001,140.332001,140.332001,140.332001,0.000000,140.332001
2021-05-07,142.395004,142.395004,142.395004,142.395004,0.000000,142.395004
2021-05-10,142.671005,142.671005,142.671005,142.671005,0.000000,142.671005
2021-05-11,140.548004,140.548004,140.548004,140.548004,0.000000,140.548004
2021-05-12,137.578003,137.578003,137.578003,137.578003,0.000000,137.578003
2021-05-13,137.977005,137.977005,137.977005,137.977005,0.000000,137.977005
2021-05-14,139.848007,139.848007,139.848007,139.848007,0.000000,139.848007
2021-05-17,140.078003,140.078003,140.078003,140.078003,0.000000,140.078003
2021-05-18,140.994995,140.994995,140.994995,140.994995,0.000000,140.994995
2021-05-19,140.292999,140.292999,140.292999,140.292999,0.000000,140.292999
2021-05-20,141.399994,141.399994,141.399994,141.399994,0.000000,141.399994
2021-05-21,140.839005,140.839005,140.839005,140.839005,0.000000,140.839005
2021-05-24,142.447006,142.447006,142.447006,142.447006,0.000000,142.447006
2021-05-25,142.095001,142.095001,142.095001,142.095001,0.000000,142.095001
2021-05-26,142.951004,142.951004,142.951004,142.951004,0.000000,142.951004
2021-05-27,142.772995,142.772995,142.772995,142.772995,0.000000,142.772995
2021-05-28,143.735001,143.735001,143.735001,143.735001,0.000000,143.735001
2021-06-01,145.623001,145.623001,145.623001,145.623001,0.000000,145.623001
2021-06-02,147.378998,147.378998,147.378998,147.378998,0.000000,147.378998
2021-06-03,146.414001,146.414001,146.414001,146.414001,0.000000,146.414001
2021-06-04,146.651001,146.651001,146.651001,146.651001,0.000000,146.651001
2021-06-07,,,,,,
2021-06-08,150.917007,150.917007,150.917007,150.917007,0.000000,150.917007
2021-06-09,151.826996,151.826996,151.826996,151.826996,0.000000,151.826996
2021-06-10,152.035995,152.035995,152.035995,152.035995,0.000000,152.035995
2021-06-11,151.395004,151.395004,151.395004,151.395004,0.000000,151.395004
2021-06-14,152.121002,152.121002,152.121002,152.121002,0.000000,152.121002
2021-06-15,151.119003,151.119003,151.119003,151.119003,0.000000,151.119003
2021-06-16,150.251999,150.251999,150.251999,150.251999,0.000000,150.251999
2021-06-17,148.852997,148.852997,148.852997,148.852997,0.000000,148.852997
2021-06-18,146.014999,146.014999,146.014999,146.014999,0.000000,146.014999
2021-06-21,148.182999,148.182999,148.182999,148.182999,0.000000,148.182999
2021-06-22,148.634003,148.634003,148.634003,148.634003,0.000000,148.634003
2021-06-23,148.613007,148.613007,148.613007,148.613007,0.000000,148.613007
2021-06-24,148.190994,148.190994,148.190994,148.190994,0.000000,148.190994
2021-06-25,148.779999,148.779999,148.779999,148.779999,0.000000,148.779999
2021-06-28,148.770996,148.770996,148.770996,148.770996,0.000000,148.770996
2021-06-29,148.171997,148.171997,148.171997,148.171997,0.000000,148.171997
2021-06-30,147.345993,147.345993,147.345993,147.345993,0.000000,147.345993
2021-07-01,147.988007,147.988007,147.988007,147.988007,0.000000,147.988007
2021-07-02,148.865997,148.865997,148.865997,148.865997,0.000000,148.865997
2021-07-06,149.548004,149.548004,149.548004,149.548004,0.000000,149.548004
2021-07-07,149.330002,149.330002,149.330002,149.330002,0.000000,149.330002
2021-07-08,148.904007,148.904007,148.904007,148.904007,0.000000,148.904007
2021-07-09,151.348999,151.348999,151.348999,151.348999,0.000000,151.348999
2021-07-12,153.087997,153.087997,153.087997,153.087997,0.000000,153.087997
2021-07-13,151.156998,151.156998,151.156998,151.156998,0.000000,151.156998
2021-07-14,151.595001,151.595001,151.595001,151.595001,0.000000,151.595001
2021-07-15,151.257996,151.257996,151.257996,151.257996,0.000000,151.257996
2021-07-16,151.009995,151.009995,151.009995,151.009995,0.000000,151.009995
2021-07-19,147.246994,147.246994,147.246994,147.246994,0.000000,147.246994
2021-07-20,149.813995,149.813995,149.813995,149.813995,0.000000,149.813995
2021-07-21,151.197006,151.197006,151.197006,151.197006,0.000000,151.197006
2021-07-22,150.529999,150.529999,150.529999,150.529999,0.000000,150.529999
2021-07-23,151.009003,151.009003,151.009003,151.009003,0.000000,151.009003
2021-07-26,151.382004,151.382004,151.382004,151.382004,0.000000,151.382004
2021-07-27,151.742004,151.742004,151.742004,151.742004,0.000000,151.742004
2021-07-28,151.645996,151.645996,151.645996,151.645996,0.000000,151.645996
2021-07-29,151.815002,151.815002,151.815002,151.815002,0.000000,151.815002
2021-07-30,151.335007,151.335007,151.335007,151.335007,0.000000,151.335007
2021-08-02,,,,,,
2021-08-03,150.858994,150.858994,150.858994,150.858994,0.000000,150.858994
2021-08-04,150.365997,150.365997,150.365997,150.365997,0.000000,150.365997
2021-08-05,152.671005,152.671005,152.671005,152.671005,0.000000,152.671005
2021-08-06,152.167999,152.167999,152.167999,152.167999,0.000000,152.167999
2021-08-09,151.151993,151.151993,151.151993,151.151993,0.000000,151.151993
2021-08-10,150.436005,150.436005,150.436005,150.436005,0.000000,150.436005
2021-08-11,151.477997,151.477997,151.477997,151.477997,0.000000,151.477997
2021-08-12,151.615997,151.615997,151.615997,151.615997,0.000000,151.615997
2021-08-13,152.514999,152.514999,152.514999,152.514999,0.000000,152.514999
2021-08-16,152.291000,152.291000,152.291000,152.291000,0.000000,152.291000
2021-08-17,150.925003,150.925003,150.925003,150.925003,0.000000,150.925003
2021-08-18,150.727997,150.727997,150.727997,150.727997,0.000000,150.727997
2021-08-19,149.897003,149.897003,149.897003,149.897003,0.000000,149.897003
2021-08-20,150.464996,150.464996,150.464996,150.464996,0.000000,150.464996
2021-08-23,150.384995,150.384995,150.384995,150.384995,0.000000,150.384995
2021-08-24,150.569000,150.569000,150.569000,150.569000,0.000000,150.569000
2021-08-25,150.768005,150.768005,150.768005,150.768005,0.000000,150.768005
2021-08-26,151.078003,151.078003,151.078003,151.078003,0.000000,151.078003
2021-08-27,153.110001,153.110001,153.110001,153.110001,0.000000,153.110001
2021-08-30,154.291000,154.291000,154.291000,154.291000,0.000000,154.291000
2021-08-31,154.610992,154.610992,154.610992,154.610992,0.000000,154.610992
2021-09-01,156.264008,156.264008,156.264008,156.264008,0.000000,156.264008
2021-09-02,156.970993,156.970993,156.970993,156.970993,0.000000,156.970993
2021-09-03,156.554993,156.554993,156.554993,156.554993,0.000000,156.554993
2021-09-07,155.548004,155.548004,155.548004,155.548004,0.000000,155.548004
2021-09-08,155.320999,155.320999,155.320999,155.320999,0.000000,155.320999
2021-09-09,153.947006,153.947006,153.947006,153.947006,0.000000,153.947006
2021-09-10,152.697006,152.697006,152.697006,152.697006,0.000000,152.697006
2021-09-13,153.854004,153.854004,153.854004,153.854004,0.000000,153.854004
2021-09-14,153.397995,153.397995,153.397995,153.397995,0.000000,153.397995
2021-09-15,153.117996,153.117996,153.117996,153.117996,0.000000,153.117996
2021-09-16,153.195007,153.195007,153.195007,153.195007,0.000000,153.195007
2021-09-17,151.595001,151.595001,151.595001,151.595001,0.000000,151.595001
2021-09-20,150.306000,150.306000,150.306000,150.306000,0.000000,150.306000
2021-09-21,151.257996,151.257996,151.257996,151.257996,0.000000,151.257996
2021-09-22,152.039993,152.039993,152.039993,152.039993,0.000000,152.039993
2021-09-23,152.554001,152.554001,152.554001,152.554001,0.000000,152.554001
2021-09-24,150.901993,150.901993,150.901993,150.901993,0.000000,150.901993
2021-09-27,150.248993,150.248993,150.248993,150.248993,0.000000,150.248993
2021-09-28,148.975998,148.975998,148.975998,148.975998,0.000000,148.975998
2021-09-29,149.014008,149.014008,149.014008,149.014008,0.000000,149.014008
2021-09-30,147.645004,147.645004,147.645004,147.645004,0.000000,147.645004
2021-10-01,149.192001,149.192001,149.192001,149.192001,0.000000,149.192001
2021-10-04,149.651993,149.651993,149.651993,149.651993,0.000000,149.651993
2021-10-05,148.585007,148.585007,148.585007,148.585007,0.000000,148.585007
2021-10-06,148.848007,148.848007,148.848007,148.848007,0.000000,148.848007
2021-10-07,150.072006,150.072006,150.072006,150.072006,0.000000,150.072006
2021-10-08,149.255005,149.255005,149.255005,149.255005,0.000000,149.255005
2021-10-11,,,,,,
2021-10-12,150.690994,150.690994,150.690994,150.690994,0.000000,150.690994
2021-10-13,152.179993,152.179993,152.179993,152.179993,0.000000,152.179993
2021-10-14,153.791000,153.791000,153.791000,153.791000,0.000000,153.791000
2021-10-15,154.347000,154.347000,154.347000,154.347000,0.000000,154.347000
2021-10-18,155.085999,155.085999,155.085999,155.085999,0.000000,155.085999
2021-10-19,154.964996,154.964996,154.964996,154.964996,0.000000,154.964996
2021-10-20,156.167007,156.167007,156.167007,156.167007,0.000000,156.167007
2021-10-21,156.220001,156.220001,156.220001,156.220001,0.000000,156.220001
2021-10-22,156.546005,156.546005,156.546005,156.546005,0.000000,156.546005
2021-10-25,,,,,,
2021-10-26,157.154999,157.154999,157.154999,157.154999,0.000000,157.154999
2021-10-27,157.078995,157.078995,157.078995,157.078995,0.000000,157.078995
2021-10-28,159.001007,159.001007,159.001007,159.001007,0.000000,159.001007
2021-10-29,157.093994,157.093994,157.093994,157.093994,0.000000,157.093994
2021-11-01,157.781998,157.781998,157.781998,157.781998,0.000000,157.781998
2021-11-02,158.352005,158.352005,158.352005,158.352005,0.000000,158.352005
2021-11-03,159.770996,159.770996,159.770996,159.770996,0.000000,159.770996
2021-11-04,159.522003,159.522003,159.522003,159.522003,0.000000,159.522003
2021-11-05,161.126007,161.126007,161.126007,161.126007,0.000000,161.126007
2021-11-08,160.755997,160.755997,160.755997,160.755997,0.000000,160.755997
2021-11-09,160.725998,160.725998,160.725998,160.725998,0.000000,160.725998
2021-11-10,159.975998,159.975998,159.975998,159.975998,0.000000,159.975998
2021-11-11,,,,,,
2021-11-12,159.494003,159.494003,159.494003,159.494003,0.000000,159.494003
2021-11-15,160.363998,160.363998,160.363998,160.363998,0.000000,160.363998
2021-11-16,159.296005,159.296005,159.296005,159.296005,0.000000,159.296005
2021-11-17,159.281006,159.281006,159.281006,159.281006,0.000000,159.281006
2021-11-18,159.970001,159.970001,159.970001,159.970001,0.000000,159.970001
2021-11-19,159.516998,159.516998,159.516998,159.516998,0.000000,159.516998
2021-11-22,158.669006,158.669006,158.669006,158.669006,0.000000,158.669006
2021-11-23,159.052002,159.052002,159.052002,159.052002,0.000000,159.052002
2021-11-24,160.498993,160.498993,160.498993,160.498993,0.000000,160.498993
2021-11-26,155.651993,155.651993,155.651993,155.651993,0.000000,155.651993
2021-11-29,155.867004,155.867004,155.867004,155.867004,0.000000,155.867004
2021-11-30,153.207993,153.207993,153.207993,153.207993,0.000000,153.207993
2021-12-01,152.231003,152.231003,152.231003,152.231003,0.000000,152.231003
2021-12-02,154.643997,154.643997,154.643997,154.643997,0.000000,154.643997
2021-12-03,154.117004,154.117004,154.117004,154.117004,0.000000,154.117004
2021-12-06,156.673996,156.673996,156.673996,156.673996,0.000000,156.673996
2021-12-07,158.981003,158.981003,158.981003,158.981003,0.000000,158.981003
2021-12-08,159.815994,159.815994,159.815994,159.815994,0.000000,159.815994
2021-12-09,158.339005,158.339005,158.339005,158.339005,0.000000,158.339005
2021-12-10,158.059006,158.059006,158.059006,158.059006,0.000000,158.059006
2021-12-13,158.195007,158.195007,158.195007,158.195007,0.000000,158.195007
2021-12-14,156.404007,156.404007,156.404007,156.404007,0.000000,156.404007
2021-12-15,157.869003,157.869003,157.869003,157.869003,0.000000,157.869003
2021-12-16,157.451004,157.451004,157.451004,157.451004,0.000000,157.451004
2021-12-17,157.453995,157.453995,157.453995,157.453995,0.000000,157.453995
2021-12-20,155.673004,155.673004,155.673004,155.673004,0.000000,155.673004
2021-12-21,157.723007,157.723007,157.723007,157.723007,0.000000,157.723007
2021-12-22,159.158005,159.158005,159.158005,159.158005,0.000000,159.158005
2021-12-23,159.375000,159.375000,159.375000,159.375000,0.000000,159.375000
2021-12-27,,,,,,
2021-12-28,,,,,,
2021-12-29,,,,,,
2021-12-30,163.973999,163.973999,163.973999,163.973999,0.000000,163.973999
2021-12-31,164.395996,164.395996,164.395996,164.395996,0.000000,164.395996
2022-01-03,,,,,,
2022-01-04,164.084000,164.084000,164.084000,164.084000,0.000000,164.084000
2022-01-05,161.960999,161.960999,161.960999,161.960999,0.000000,161.960999
2022-01-06,160.953003,160.953003,160.953003,160.953003,0.000000,160.953003
2022-01-07,159.653000,159.653000,159.653000,159.653000,0.000000,159.653000
2022-01-10,158.520996,158.520996,158.520996,158.520996,0.000000,158.520996
2022-01-11,158.869995,158.869995,158.869995,158.869995,0.000000,158.869995
2022-01-12,159.891998,159.891998,159.891998,159.891998,0.000000,159.891998
2022-01-13,159.983002,159.983002,159.983002,159.983002,0.000000,159.983002
2022-01-14,158.520996,158.520996,158.520996,158.520996,0.000000,158.520996
2022-01-18,157.112000,157.112000,157.112000,157.112000,0.000000,157.112000
2022-01-19,156.024994,156.024994,156.024994,156.024994,0.000000,156.024994
2022-01-20,154.639999,154.639999,154.639999,154.639999,0.000000,154.639999
2022-01-21,153.914993,153.914993,153.914993,153.914993,0.000000,153.914993
2022-01-24,152.554993,152.554993,152.554993,152.554993,0.000000,152.554993
2022-01-25,152.020004,152.020004,152.020004,152.020004,0.000000,152.020004
2022-01-26,151.813995,151.813995,151.813995,151.813995,0.000000,151.813995
2022-01-27,149.464996,149.464996,149.464996,149.464996,0.000000,149.464996
2022-01-28,152.414001,152.414001,152.414001,152.414001,0.000000,152.414001
2022-01-31,154.406006,154.406006,154.406006,154.406006,0.000000,154.406006
2022-02-01,153.639008,153.639008,153.639008,153.639008,0.000000,153.639008
2022-02-02,155.779999,155.779999,155.779999,155.779999,0.000000,155.779999
2022-02-03,154.787003,154.787003,154.787003,154.787003,0.000000,154.787003
2022-02-04,153.154007,153.154007,153.154007,153.154007,0.000000,153.154007
2022-02-07,153.061996,153.061996,153.061996,153.061996,0.000000,153.061996
2022-02-08,152.455994,152.455994,152.455994,152.455994,0.000000,152.455994
2022-02-09,155.897003,155.897003,155.897003,155.897003,0.000000,155.897003
2022-02-10,154.520996,154.520996,154.520996,154.520996,0.000000,154.520996
2022-02-11,152.919006,152.919006,152.919006,152.919006,0.000000,152.919006
2022-02-14,150.938995,150.938995,150.938995,150.938995,0.000000,150.938995
2022-02-15,152.084000,152.084000,152.084000,152.084000,0.000000,152.084000
2022-02-16,154.190994,154.190994,154.190994,154.190994,0.000000,154.190994
2022-02-17,153.149002,153.149002,153.149002,153.149002,0.000000,153.149002
2022-02-18,152.432007,152.432007,152.432007,152.432007,0.000000,152.432007
2022-02-22,150.904007,150.904007,150.904007,150.904007,0.000000,150.904007
2022-02-23,149.705994,149.705994,149.705994,149.705994,0.000000,149.705994
2022-02-24,148.940002,148.940002,148.940002,148.940002,0.000000,148.940002
2022-02-25,152.972000,152.972000,152.972000,152.972000,0.000000,152.972000
2022-02-28,151.666000,151.666000,151.666000,151.666000,0.000000,151.666000
2022-03-01,149.742004,149.742004,149.742004,149.742004,0.000000,149.742004
2022-03-02,151.483994,151.483994,151.483994,151.483994,0.000000,151.483994
2022-03-03,151.897003,151.897003,151.897003,151.897003,0.000000,151.897003
2022-03-04,151.531006,151.531006,151.531006,151.531006,0.000000,151.531006
2022-03-07,148.345001,148.345001,148.345001,148.345001,0.000000,148.345001
2022-03-08,148.373001,148.373001,148.373001,148.373001,0.000000,148.373001
2022-03-09,151.360001,151.360001,151.360001,151.360001,0.000000,151.360001
2022-03-10,152.410995,152.410995,152.410995,152.410995,0.000000,152.410995
2022-03-11,151.341003,151.341003,151.341003,151.341003,0.000000,151.341003
2022-03-14,150.966995,150.966995,150.966995,150.966995,0.000000,150.966995
2022-03-15,151.639999,151.639999,151.639999,151.639999,0.000000,151.639999
2022-03-16,153.395004,153.395004,153.395004,153.395004,0.000000,153.395004
2022-03-17,,,,,,
2022-03-18,,,,,,
2022-03-21,155.520004,155.520004,155.520004,155.520004,0.000000,155.520004
2022-03-22,156.459000,156.459000,156.459000,156.459000,0.000000,156.459000
2022-03-23,154.787994,154.787994,154.787994,154.787994,0.000000,154.787994
2022-03-24,155.132004,155.132004,155.132004,155.132004,0.000000,155.132004
2022-03-25,156.750000,156.750000,156.750000,156.750000,0.000000,156.750000
2022-03-28,158.102005,158.102005,158.102005,158.102005,0.000000,158.102005
2022-03-29,162.436996,162.436996,162.436996,162.436996,0.000000,162.436996
2022-03-30,161.731995,161.731995,161.731995,161.731995,0.000000,161.731995
2022-03-31,159.755005,159.755005,159.755005,159.755005,0.000000,159.755005
2022-04-01,161.492996,161.492996,161.492996,161.492996,0.000000,161.492996
2022-04-04,160.309998,160.309998,160.309998,160.309998,0.000000,160.309998
2022-04-05,159.994995,159.994995,159.994995,159.994995,0.000000,159.994995
2022-04-06,160.255997,160.255997,160.255997,160.255997,0.000000,160.255997
2022-04-07,159.149002,159.149002,159.149002,159.149002,0.000000,159.149002
2022-04-08,158.938995,158.938995,158.938995,158.938995,0.000000,158.938995
2022-04-11,157.557007,157.557007,157.557007,157.557007,0.000000,157.557007
2022-04-12,157.356003,157.356003,157.356003,157.356003,0.000000,157.356003
2022-04-13,158.701004,158.701004,158.701004,158.701004,0.000000,158.701004
2022-04-14,158.498993,158.498993,158.498993,158.498993,0.000000,158.498993
2022-04-18,,,,,,
2022-04-19,159.613998,159.613998,159.613998,159.613998,0.000000,159.613998
2022-04-20,161.878006,161.878006,161.878006,161.878006,0.000000,161.878006
2022-04-21,161.190002,161.190002,161.190002,161.190002,0.000000,161.190002
2022-04-22,158.315994,158.315994,158.315994,158.315994,0.000000,158.315994
2022-04-25,157.393997,157.393997,157.393997,157.393997,0.000000,157.393997
2022-04-26,155.554993,155.554993,155.554993,155.554993,0.000000,155.554993
2022-04-27,154.283997,154.283997,154.283997,154.283997,0.000000,154.283997
2022-04-28,156.100998,156.100998,156.100998,156.100998,0.000000,156.100998
2022-04-29,151.278000,151.278000,151.278000,151.278000,0.000000,151.278000
2022-05-02,,,,,,
2022-05-03,147.608994,147.608994,147.608994,147.608994,0.000000,147.608994
2022-05-04,147.940002,147.940002,147.940002,147.940002,0.000000,147.940002
2022-05-05,145.429993,145.429993,145.429993,145.429993,0.000000,145.429993
2022-05-06,143.001999,143.001999,143.001999,143.001999,0.000000,143.001999
2022-05-09,137.179993,137.179993,137.179993,137.179993,0.000000,137.179993
2022-05-10,136.257996,136.257996,136.257996,136.257996,0.000000,136.257996
2022-05-11,136.259003,136.259003,136.259003,136.259003,0.000000,136.259003
2022-05-12,135.901993,135.901993,135.901993,135.901993,0.000000,135.901993
2022-05-13,138.764008,138.764008,138.764008,138.764008,0.000000,138.764008
2022-05-16,138.809998,138.809998,138.809998,138.809998,0.000000,138.809998
2022-05-17,140.520996,140.520996,140.520996,140.520996,0.000000,140.520996
2022-05-18,137.376999,137.376999,137.376999,137.376999,0.000000,137.376999
2022-05-19,136.182999,136.182999,136.182999,136.182999,0.000000,136.182999
2022-05-20,135.945007,135.945007,135.945007,135.945007,0.000000,135.945007
2022-05-23,137.307007,137.307007,137.307007,137.307007,0.000000,137.307007
2022-05-24,137.459000,137.459000,137.459000,137.459000,0.000000,137.459000
2022-05-25,138.067001,138.067001,138.067001,138.067001,0.000000,138.067001
2022-05-26,139.149002,139.149002,139.149002,139.149002,0.000000,139.149002
2022-05-27,141.947998,141.947998,141.947998,141.947998,0.000000,141.947998
2022-05-31,140.985001,140.985001,140.985001,140.985001,0.000000,140.985001
2022-06-01,140.248993,140.248993,140.248993,140.248993,0.000000,140.248993
2022-06-02,141.453995,141.453995,141.453995,141.453995,0.000000,141.453995
2022-06-03,140.119995,140.119995,140.119995,140.119995,0.000000,140.119995
2022-06-06,,,,,,
2022-06-07,140.617004,140.617004,140.617004,140.617004,0.000000,140.617004
2022-06-08,138.136993,138.136993,138.136993,138.136993,0.000000,138.136993
2022-06-09,135.162994,135.162994,135.162994,135.162994,0.000000,135.162994
2022-06-10,132.401001,132.401001,132.401001,132.401001,0.000000,132.401001
2022-06-13,126.748001,126.748001,126.748001,126.748001,0.000000,126.748001
2022-06-14,124.829002,124.829002,124.829002,124.829002,0.000000,124.829002
2022-06-15,126.560997,126.560997,126.560997,126.560997,0.000000,126.560997
2022-06-16,125.269997,125.269997,125.269997,125.269997,0.000000,125.269997
2022-06-17,125.570000,125.570000,125.570000,125.570000,0.000000,125.570000
2022-06-21,126.931999,126.931999,126.931999,126.931999,0.000000,126.931999
2022-06-22,127.488998,127.488998,127.488998,127.488998,0.000000,127.488998
2022-06-23,129.136002,129.136002,129.136002,129.136002,0.000000,129.136002
2022-06-24,131.298004,131.298004,131.298004,131.298004,0.000000,131.298004
2022-06-27,131.699005,131.699005,131.699005,131.699005,0.000000,131.699005
2022-06-28,131.473999,131.473999,131.473999,131.473999,0.000000,131.473999
2022-06-29,129.992996,129.992996,129.992996,129.992996,0.000000,129.992996
2022-06-30,128.886993,128.886993,128.886993,128.886993,0.000000,128.886993
2022-07-01,129.632004,129.632004,129.632004,129.632004,0.000000,129.632004
2022-07-05,128.677994,128.677994,128.677994,128.677994,0.000000,128.677994
2022-07-06,128.916000,128.916000,128.916000,128.916000,0.000000,128.916000
2022-07-07,129.300003,129.300003,129.300003,129.300003,0.000000,129.300003
2022-07-08,128.910995,128.910995,128.910995,128.910995,0.000000,128.910995
2022-07-11,128.598007,128.598007,128.598007,128.598007,0.000000,128.598007
2022-07-12,128.061996,128.061996,128.061996,128.061996,0.000000,128.061996
2022-07-13,127.973999,127.973999,127.973999,127.973999,0.000000,127.973999
2022-07-14,126.103996,126.103996,126.103996,126.103996,0.000000,126.103996
2022-07-15,128.100998,128.100998,128.100998,128.100998,0.000000,128.100998
2022-07-18,128.347000,128.347000,128.347000,128.347000,0.000000,128.347000
2022-07-19,130.960007,130.960007,130.960007,130.960007,0.000000,130.960007
2022-07-20,131.022995,131.022995,131.022995,131.022995,0.000000,131.022995
2022-07-21,131.807007,131.807007,131.807007,131.807007,0.000000,131.807007
2022-07-22,133.656998,133.656998,133.656998,133.656998,0.000000,133.656998
2022-07-25,133.901001,133.901001,133.901001,133.901001,0.000000,133.901001
2022-07-26,134.052002,134.052002,134.052002,134.052002,0.000000,134.052002
2022-07-27,134.330994,134.330994,134.330994,134.330994,0.000000,134.330994
2022-07-28,138.119003,138.119003,138.119003,138.119003,0.000000,138.119003
2022-07-29,139.225998,139.225998,139.225998,139.225998,0.000000,139.225998
2022-08-01,,,,,,
2022-08-02,136.787003,136.787003,136.787003,136.787003,0.000000,136.787003
2022-08-03,136.667007,136.667007,136.667007,136.667007,0.000000,136.667007
2022-08-04,137.266998,137.266998,137.266998,137.266998,0.000000,137.266998
2022-08-05,136.600006,136.600006,136.600006,136.600006,0.000000,136.600006
2022-08-08,137.770004,137.770004,137.770004,137.770004,0.000000,137.770004
2022-08-09,138.516998,138.516998,138.516998,138.516998,0.000000,138.516998
2022-08-10,141.119995,141.119995,141.119995,141.119995,0.000000,141.119995
2022-08-11,140.608002,140.608002,140.608002,140.608002,0.000000,140.608002
2022-08-12,142.156998,142.156998,142.156998,142.156998,0.000000,142.156998
2022-08-15,142.559006,142.559006,142.559006,142.559006,0.000000,142.559006
2022-08-16,141.904007,141.904007,141.904007,141.904007,0.000000,141.904007
2022-08-17,141.326004,141.326004,141.326004,141.326004,0.000000,141.326004
2022-08-18,140.449997,140.449997,140.449997,140.449997,0.000000,140.449997
2022-08-19,138.432999,138.432999,138.432999,138.432999,0.000000,138.432999
2022-08-22,136.186996,136.186996,136.186996,136.186996,0.000000,136.186996
2022-08-23,134.460007,134.460007,134.460007,134.460007,0.000000,134.460007
2022-08-24,134.972000,134.972000,134.972000,134.972000,0.000000,134.972000
2022-08-25,136.468002,136.468002,136.468002,136.468002,0.000000,136.468002
2022-08-26,134.251007,134.251007,134.251007,134.251007,0.000000,134.251007
2022-08-29,132.572998,132.572998,132.572998,132.572998,0.000000,132.572998
2022-08-30,131.320007,131.320007,131.320007,131.320007,0.000000,131.320007
2022-08-31,130.557999,130.557999,130.557999,130.557999,0.000000,130.557999
2022-09-01,129.688995,129.688995,129.688995,129.688995,0.000000,129.688995
2022-09-02,129.160995,129.160995,129.160995,129.160995,0.000000,129.160995
2022-09-06,129.468002,129.468002,129.468002,129.468002,0.000000,129.468002
2022-09-07,130.654007,130.654007,130.654007,130.654007,0.000000,130.654007
2022-09-08,130.690002,130.690002,130.690002,130.690002,0.000000,130.690002
2022-09-09,132.210999,132.210999,132.210999,132.210999,0.000000,132.210999
2022-09-12,133.703003,133.703003,133.703003,133.703003,0.000000,133.703003
2022-09-13,130.028000,130.028000,130.028000,130.028000,0.000000,130.028000
2022-09-14,128.149994,128.149994,128.149994,128.149994,0.000000,128.149994
2022-09-15,126.068001,126.068001,126.068001,126.068001,0.000000,126.068001
2022-09-16,126.181000,126.181000,126.181000,126.181000,0.000000,126.181000
2022-09-19,125.454002,125.454002,125.454002,125.454002,0.000000,125.454002
2022-09-20,122.692001,122.692001,122.692001,122.692001,0.000000,122.692001
2022-09-21,121.383003,121.383003,121.383003,121.383003,0.000000,121.383003
2022-09-22,120.189003,120.189003,120.189003,120.189003,0.000000,120.189003
2022-09-23,118.405998,118.405998,118.405998,118.405998,0.000000,118.405998
2022-09-26,115.014999,115.014999,115.014999,115.014999,0.000000,115.014999
2022-09-27,112.918999,112.918999,112.918999,112.918999,0.000000,112.918999
2022-09-28,114.123001,114.123001,114.123001,114.123001,0.000000,114.123001
2022-09-29,112.334999,112.334999,112.334999,112.334999,0.000000,112.334999
2022-09-30,114.360001,114.360001,114.360001,114.360001,0.000000,114.360001
2022-10-03,115.399002,115.399002,115.399002,115.399002,0.000000,115.399002
2022-10-04,117.261002,117.261002,117.261002,117.261002,0.000000,117.261002
2022-10-05,115.453003,115.453003,115.453003,115.453003,0.000000,115.453003
2022-10-06,113.470001,113.470001,113.470001,113.470001,0.000000,113.470001
2022-10-07,111.249001,111.249001,111.249001,111.249001,0.000000,111.249001
2022-10-10,,,,,,
2022-10-11,110.339996,110.339996,110.339996,110.339996,0.000000,110.339996
2022-10-12,109.421997,109.421997,109.421997,109.421997,0.000000,109.421997
2022-10-13,110.402000,110.402000,110.402000,110.402000,0.000000,110.402000
2022-10-14,108.913002,108.913002,108.913002,108.913002,0.000000,108.913002
2022-10-17,112.027000,112.027000,112.027000,112.027000,0.000000,112.027000
2022-10-18,112.762001,112.762001,112.762001,112.762001,0.000000,112.762001
2022-10-19,109.999001,109.999001,109.999001,109.999001,0.000000,109.999001
2022-10-20,110.359001,110.359001,110.359001,110.359001,0.000000,110.359001
2022-10-21,110.003998,110.003998,110.003998,110.003998,0.000000,110.003998
2022-10-24,110.143997,110.143997,110.143997,110.143997,0.000000,110.143997
2022-10-25,113.837997,113.837997,113.837997,113.837997,0.000000,113.837997
2022-10-26,114.574997,114.574997,114.574997,114.574997,0.000000,114.574997
2022-10-27,115.013000,115.013000,115.013000,115.013000,0.000000,115.013000
2022-10-28,115.921997,115.921997,115.921997,115.921997,0.000000,115.921997
2022-10-31,,,,,,
2022-11-01,115.762001,115.762001,115.762001,115.762001,0.000000,115.762001
2022-11-02,113.902000,113.902000,113.902000,113.902000,0.000000,113.902000
2022-11-03,112.601997,112.601997,112.601997,112.601997,0.000000,112.601997
2022-11-04,114.514000,114.514000,114.514000,114.514000,0.000000,114.514000
2022-11-07,115.685997,115.685997,115.685997,115.685997,0.000000,115.685997
2022-11-08,116.883003,116.883003,116.883003,116.883003,0.000000,116.883003
2022-11-09,115.890999,115.890999,115.890999,115.890999,0.000000,115.890999
2022-11-10,122.181999,122.181999,122.181999,122.181999,0.000000,122.181999
2022-11-11,,,,,,
2022-11-14,120.818001,120.818001,120.818001,120.818001,0.000000,120.818001
2022-11-15,121.805000,121.805000,121.805000,121.805000,0.000000,121.805000
2022-11-16,120.720001,120.720001,120.720001,120.720001,0.000000,120.720001
2022-11-17,120.290001,120.290001,120.290001,120.290001,0.000000,120.290001
2022-11-18,121.570999,121.570999,121.570999,121.570999,0.000000,121.570999
2022-11-21,121.578003,121.578003,121.578003,121.578003,0.000000,121.578003
2022-11-22,122.185997,122.185997,122.185997,122.185997,0.000000,122.185997
2022-11-23,122.238998,122.238998,122.238998,122.238998,0.000000,122.238998
2022-11-25,123.293999,123.293999,123.293999,123.293999,0.000000,123.293999
2022-11-28,120.495003,120.495003,120.495003,120.495003,0.000000,120.495003
2022-11-29,122.292000,122.292000,122.292000,122.292000,0.000000,122.292000
2022-11-30,123.649002,123.649002,123.649002,123.649002,0.000000,123.649002
2022-12-01,124.369003,124.369003,124.369003,124.369003,0.000000,124.369003
2022-12-02,124.058998,124.058998,124.058998,124.058998,0.000000,124.058998
2022-12-05,122.930000,122.930000,122.930000,122.930000,0.000000,122.930000
2022-12-06,122.167999,122.167999,122.167999,122.167999,0.000000,122.167999
2022-12-07,121.794998,121.794998,121.794998,121.794998,0.000000,121.794998
2022-12-08,122.998001,122.998001,122.998001,122.998001,0.000000,122.998001
2022-12-09,123.030998,123.030998,123.030998,123.030998,0.000000,123.030998
2022-12-12,122.918999,122.918999,122.918999,122.918999,0.000000,122.918999
2022-12-13,125.046997,125.046997,125.046997,125.046997,0.000000,125.046997
2022-12-14,125.473000,125.473000,125.473000,125.473000,0.000000,125.473000
2022-12-15,123.662003,123.662003,123.662003,123.662003,0.000000,123.662003
2022-12-16,121.190002,121.190002,121.190002,121.190002,0.000000,121.190002
2022-12-19,119.863998,119.863998,119.863998,119.863998,0.000000,119.863998
2022-12-20,119.098000,119.098000,119.098000,119.098000,0.000000,119.098000
2022-12-21,120.258003,120.258003,120.258003,120.258003,0.000000,120.258003
2022-12-22,120.236000,120.236000,120.236000,120.236000,0.000000,120.236000
2022-12-23,120.716003,120.716003,120.716003,120.716003,0.000000,120.716003
2022-12-27,,,,,,
2022-12-28,,,,,,
2022-12-29,121.531998,121.531998,121.531998,121.531998,0.000000,121.531998
2022-12-30,121.167000,121.167000,121.167000,121.167000,0.000000,121.167000
2023-01-03,121.533997,121.533997,121.533997,121.533997,0.000000,121.533997
2023-01-04,123.420998,123.420998,123.420998,123.420998,0.000000,123.420998
2023-01-05,120.811996,120.811996,120.811996,120.811996,0.000000,120.811996
2023-01-06,122.653999,122.653999,122.653999,122.653999,0.000000,122.653999
2023-01-09,123.193001,123.193001,123.193001,123.193001,0.000000,123.193001
2023-01-10,123.014999,123.014999,123.014999,123.014999,0.000000,123.014999
2023-01-11,126.377998,126.377998,126.377998,126.377998,0.000000,126.377998
2023-01-12,128.186996,128.186996,128.186996,128.186996,0.000000,128.186996
2023-01-13,127.832001,127.832001,127.832001,127.832001,0.000000,127.832001
2023-01-17,128.391006,128.391006,128.391006,128.391006,0.000000,128.391006
2023-01-18,127.817001,127.817001,127.817001,127.817001,0.000000,127.817001
2023-01-19,127.022003,127.022003,127.022003,127.022003,0.000000,127.022003
2023-01-20,128.227997,128.227997,128.227997,128.227997,0.000000,128.227997
2023-01-23,129.298004,129.298004,129.298004,129.298004,0.000000,129.298004
2023-01-24,130.117004,130.117004,130.117004,130.117004,0.000000,130.117004
2023-01-25,130.156998,130.156998,130.156998,130.156998,0.000000,130.156998
2023-01-26,131.100998,131.100998,131.100998,131.100998,0.000000,131.100998
2023-01-27,132.302002,132.302002,132.302002,132.302002,0.000000,132.302002
2023-01-30,131.462997,131.462997,131.462997,131.462997,0.000000,131.462997
2023-01-31,132.460999,132.460999,132.460999,132.460999,0.000000,132.460999
2023-02-01,133.384003,133.384003,133.384003,133.384003,0.000000,133.384003
2023-02-02,136.242996,136.242996,136.242996,136.242996,0.000000,136.242996
2023-02-03,133.871002,133.871002,133.871002,133.871002,0.000000,133.871002
2023-02-06,,,,,,
2023-02-07,132.091995,132.091995,132.091995,132.091995,0.000000,132.091995
2023-02-08,132.210007,132.210007,132.210007,132.210007,0.000000,132.210007
2023-02-09,131.248001,131.248001,131.248001,131.248001,0.000000,131.248001
2023-02-10,131.119995,131.119995,131.119995,131.119995,0.000000,131.119995
2023-02-13,131.380005,131.380005,131.380005,131.380005,0.000000,131.380005
2023-02-14,131.026993,131.026993,131.026993,131.026993,0.000000,131.026993
2023-02-15,130.522995,130.522995,130.522995,130.522995,0.000000,130.522995
2023-02-16,130.634003,130.634003,130.634003,130.634003,0.000000,130.634003
2023-02-17,130.709000,130.709000,130.709000,130.709000,0.000000,130.709000
2023-02-21,128.951004,128.951004,128.951004,128.951004,0.000000,128.951004
2023-02-22,127.949997,127.949997,127.949997,127.949997,0.000000,127.949997
2023-02-23,128.591995,128.591995,128.591995,128.591995,0.000000,128.591995
2023-02-24,126.787003,126.787003,126.787003,126.787003,0.000000,126.787003
2023-02-27,126.878998,126.878998,126.878998,126.878998,0.000000,126.878998
2023-02-28,126.697998,126.697998,126.697998,126.697998,0.000000,126.697998
2023-03-01,124.795998,124.795998,124.795998,124.795998,0.000000,124.795998
2023-03-02,125.990997,125.990997,125.990997,125.990997,0.000000,125.990997
2023-03-03,127.361000,127.361000,127.361000,127.361000,0.000000,127.361000
2023-03-06,127.803001,127.803001,127.803001,127.803001,0.000000,127.803001
2023-03-07,125.555000,125.555000,125.555000,125.555000,0.000000,125.555000
2023-03-08,125.824997,125.824997,125.824997,125.824997,0.000000,125.824997
2023-03-09,123.884003,123.884003,123.884003,123.884003,0.000000,123.884003
2023-03-10,120.809998,120.809998,120.809998,120.809998,0.000000,120.809998
2023-03-13,122.232002,122.232002,122.232002,122.232002,0.000000,122.232002
2023-03-14,123.545998,123.545998,123.545998,123.545998,0.000000,123.545998
2023-03-15,122.933998,122.933998,122.933998,122.933998,0.000000,122.933998
2023-03-16,122.531998,122.531998,122.531998,122.531998,0.000000,122.531998
2023-03-17,,,,,,
2023-03-20,121.304001,121.304001,121.304001,121.304001,0.000000,121.304001
2023-03-21,120.579002,120.579002,120.579002,120.579002,0.000000,120.579002
2023-03-22,117.439003,117.439003,117.439003,117.439003,0.000000,117.439003
2023-03-23,117.575996,117.575996,117.575996,117.575996,0.000000,117.575996
2023-03-24,118.842003,118.842003,118.842003,118.842003,0.000000,118.842003
2023-03-27,119.276001,119.276001,119.276001,119.276001,0.000000,119.276001
2023-03-28,119.532997,119.532997,119.532997,119.532997,0.000000,119.532997
2023-03-29,121.247002,121.247002,121.247002,121.247002,0.000000,121.247002
2023-03-30,123.064003,123.064003,123.064003,123.064003,0.000000,123.064003
2023-03-31,124.917000,124.917000,124.917000,124.917000,0.000000,124.917000
2023-04-03,124.914001,124.914001,124.914001,124.914001,0.000000,124.914001
2023-04-04,125.098000,125.098000,125.098000,125.098000,0.000000,125.098000
2023-04-05,124.219002,124.219002,124.219002,124.219002,0.000000,124.219002
2023-04-06,125.115997,125.115997,125.115997,125.115997,0.000000,125.115997
2023-04-10,,,,,,
2023-04-11,125.776001,125.776001,125.776001,125.776001,0.000000,125.776001
2023-04-12,125.709000,125.709000,125.709000,125.709000,0.000000,125.709000
2023-04-13,125.652000,125.652000,125.652000,125.652000,0.000000,125.652000
2023-04-14,124.509003,124.509003,124.509003,124.509003,0.000000,124.509003
2023-04-17,125.915001,125.915001,125.915001,125.915001,0.000000,125.915001
2023-04-18,125.873001,125.873001,125.873001,125.873001,0.000000,125.873001
2023-04-19,126.014999,126.014999,126.014999,126.014999,0.000000,126.014999
2023-04-20,125.731003,125.731003,125.731003,125.731003,0.000000,125.731003
2023-04-21,125.853996,125.853996,125.853996,125.853996,0.000000,125.853996
2023-04-24,125.682999,125.682999,125.682999,125.682999,0.000000,125.682999
2023-04-25,125.110001,125.110001,125.110001,125.110001,0.000000,125.110001
2023-04-26,124.616997,124.616997,124.616997,124.616997,0.000000,124.616997
2023-04-27,126.299004,126.299004,126.299004,126.299004,0.000000,126.299004
2023-04-28,128.218994,128.218994,128.218994,128.218994,0.000000,128.218994
2023-05-01,,,,,,
2023-05-02,125.823997,125.823997,125.823997,125.823997,0.000000,125.823997
2023-05-03,126.125000,126.125000,126.125000,126.125000,0.000000,126.125000
2023-05-04,127.119003,127.119003,127.119003,127.119003,0.000000,127.119003
2023-05-05,128.931000,128.931000,128.931000,128.931000,0.000000,128.931000
2023-05-08,128.697006,128.697006,128.697006,128.697006,0.000000,128.697006
2023-05-09,127.557999,127.557999,127.557999,127.557999,0.000000,127.557999
2023-05-10,128.584000,128.584000,128.584000,128.584000,0.000000,128.584000
2023-05-11,127.535004,127.535004,127.535004,127.535004,0.000000,127.535004
2023-05-12,126.804001,126.804001,126.804001,126.804001,0.000000,126.804001
2023-05-15,127.489998,127.489998,127.489998,127.489998,0.000000,127.489998
2023-05-16,124.919998,124.919998,124.919998,124.919998,0.000000,124.919998
2023-05-17,125.031998,125.031998,125.031998,125.031998,0.000000,125.031998
2023-05-18,123.960999,123.960999,123.960999,123.960999,0.000000,123.960999
2023-05-19,124.115997,124.115997,124.115997,124.115997,0.000000,124.115997
2023-05-22,124.474998,124.474998,124.474998,124.474998,0.000000,124.474998
2023-05-23,124.011002,124.011002,124.011002,124.011002,0.000000,124.011002
2023-05-24,121.727997,121.727997,121.727997,121.727997,0.000000,121.727997
2023-05-25,121.120003,121.120003,121.120003,121.120003,0.000000,121.120003
2023-05-26,122.000999,122.000999,122.000999,122.000999,0.000000,122.000999
2023-05-30,122.351997,122.351997,122.351997,122.351997,0.000000,122.351997
2023-05-31,122.580002,122.580002,122.580002,122.580002,0.000000,122.580002
2023-06-01,122.714996,122.714996,122.714996,122.714996,0.000000,122.714996
2023-06-02,125.254997,125.254997,125.254997,125.254997,0.000000,125.254997
2023-06-05,,,,,,
2023-06-06,126.010002,126.010002,126.010002,126.010002,0.000000,126.010002
2023-06-07,127.012001,127.012001,127.012001,127.012001,0.000000,127.012001
2023-06-08,125.948997,125.948997,125.948997,125.948997,0.000000,125.948997
2023-06-09,126.130997,126.130997,126.130997,126.130997,0.000000,126.130997
2023-06-12,125.890999,125.890999,125.890999,125.890999,0.000000,125.890999
2023-06-13,126.219002,126.219002,126.219002,126.219002,0.000000,126.219002
2023-06-14,126.719002,126.719002,126.719002,126.719002,0.000000,126.719002
2023-06-15,126.829002,126.829002,126.829002,126.829002,0.000000,126.829002
2023-06-16,127.431000,127.431000,127.431000,127.431000,0.000000,127.431000
2023-06-20,125.748001,125.748001,125.748001,125.748001,0.000000,125.748001
2023-06-21,125.174004,125.174004,125.174004,125.174004,0.000000,125.174004
2023-06-22,123.339996,123.339996,123.339996,123.339996,0.000000,123.339996
2023-06-23,120.954002,120.954002,120.954002,120.954002,0.000000,120.954002
2023-06-26,122.933998,122.933998,122.933998,122.933998,0.000000,122.933998
2023-06-27,124.464996,124.464996,124.464996,124.464996,0.000000,124.464996
2023-06-28,124.292999,124.292999,124.292999,124.292999,0.000000,124.292999
2023-06-29,124.902000,124.902000,124.902000,124.902000,0.000000,124.902000
2023-06-30,125.750000,125.750000,125.750000,125.750000,0.000000,125.750000
2023-07-03,126.949997,126.949997,126.949997,126.949997,0.000000,126.949997
2023-07-05,127.063004,127.063004,127.063004,127.063004,0.000000,127.063004
2023-07-06,125.667000,125.667000,125.667000,125.667000,0.000000,125.667000
2023-07-07,125.203003,125.203003,125.203003,125.203003,0.000000,125.203003
2023-07-10,125.376999,125.376999,125.376999,125.376999,0.000000,125.376999
2023-07-11,127.509003,127.509003,127.509003,127.509003,0.000000,127.509003
2023-07-12,128.772003,128.772003,128.772003,128.772003,0.000000,128.772003
2023-07-13,130.209000,130.209000,130.209000,130.209000,0.000000,130.209000
2023-07-14,130.156006,130.156006,130.156006,130.156006,0.000000,130.156006
2023-07-17,129.569000,129.569000,129.569000,129.569000,0.000000,129.569000
2023-07-18,128.615005,128.615005,128.615005,128.615005,0.000000,128.615005
2023-07-19,130.169006,130.169006,130.169006,130.169006,0.000000,130.169006
2023-07-20,130.378006,130.378006,130.378006,130.378006,0.000000,130.378006
2023-07-21,130.582001,130.582001,130.582001,130.582001,0.000000,130.582001
2023-07-24,131.115997,131.115997,131.115997,131.115997,0.000000,131.115997
2023-07-25,130.453003,130.453003,130.453003,130.453003,0.000000,130.453003
2023-07-26,131.154007,131.154007,131.154007,131.154007,0.000000,131.154007
2023-07-27,129.304001,129.304001,129.304001,129.304001,0.000000,129.304001
2023-07-28,129.175003,129.175003,129.175003,129.175003,0.000000,129.175003
2023-07-31,129.940002,129.940002,129.940002,129.940002,0.000000,129.940002
2023-08-01,129.291000,129.291000,129.291000,129.291000,0.000000,129.291000
2023-08-02,128.298996,128.298996,128.298996,128.298996,0.000000,128.298996
2023-08-03,127.283997,127.283997,127.283997,127.283997,0.000000,127.283997
2023-08-04,126.190002,126.190002,126.190002,126.190002,0.000000,126.190002
2023-08-07,,,,,,
2023-08-08,126.638000,126.638000,126.638000,126.638000,0.000000,126.638000
2023-08-09,126.765999,126.765999,126.765999,126.765999,0.000000,126.765999
2023-08-10,127.045998,127.045998,127.045998,127.045998,0.000000,127.045998
2023-08-11,126.681999,126.681999,126.681999,126.681999,0.000000,126.681999
2023-08-14,125.752998,125.752998,125.752998,125.752998,0.000000,125.752998
2023-08-15,124.456001,124.456001,124.456001,124.456001,0.000000,124.456001
2023-08-16,123.764000,123.764000,123.764000,123.764000,0.000000,123.764000
2023-08-17,122.973000,122.973000,122.973000,122.973000,0.000000,122.973000
2023-08-18,122.879997,122.879997,122.879997,122.879997,0.000000,122.879997
2023-08-21,121.621002,121.621002,121.621002,121.621002,0.000000,121.621002
2023-08-22,122.417000,122.417000,122.417000,122.417000,0.000000,122.417000
2023-08-23,124.375999,124.375999,124.375999,124.375999,0.000000,124.375999
2023-08-24,124.315002,124.315002,124.315002,124.315002,0.000000,124.315002
2023-08-25,123.887001,123.887001,123.887001,123.887001,0.000000,123.887001
2023-08-28,124.768997,124.768997,124.768997,124.768997,0.000000,124.768997
2023-08-29,126.404999,126.404999,126.404999,126.404999,0.000000,126.404999
2023-08-30,127.264999,127.264999,127.264999,127.264999,0.000000,127.264999
2023-08-31,126.834000,126.834000,126.834000,126.834000,0.000000,126.834000
2023-09-01,126.647003,126.647003,126.647003,126.647003,0.000000,126.647003
2023-09-05,125.338997,125.338997,125.338997,125.338997,0.000000,125.338997
2023-09-06,125.536003,125.536003,125.536003,125.536003,0.000000,125.536003
2023-09-07,125.911003,125.911003,125.911003,125.911003,0.000000,125.911003
2023-09-08,125.495003,125.495003,125.495003,125.495003,0.000000,125.495003
2023-09-11,125.527000,125.527000,125.527000,125.527000,0.000000,125.527000
2023-09-12,125.389000,125.389000,125.389000,125.389000,0.000000,125.389000
2023-09-13,124.511002,124.511002,124.511002,124.511002,0.000000,124.511002
2023-09-14,126.613998,126.613998,126.613998,126.613998,0.000000,126.613998
2023-09-15,126.025002,126.025002,126.025002,126.025002,0.000000,126.025002
2023-09-18,124.941002,124.941002,124.941002,124.941002,0.000000,124.941002
2023-09-19,124.622002,124.622002,124.622002,124.622002,0.000000,124.622002
2023-09-20,125.169998,125.169998,125.169998,125.169998,0.000000,125.169998
2023-09-21,122.205002,122.205002,122.205002,122.205002,0.000000,122.205002
2023-09-22,121.594002,121.594002,121.594002,121.594002,0.000000,121.594002
2023-09-25,121.036003,121.036003,121.036003,121.036003,0.000000,121.036003
2023-09-26,118.897003,118.897003,118.897003,118.897003,0.000000,118.897003
2023-09-27,117.787003,117.787003,117.787003,117.787003,0.000000,117.787003
2023-09-28,118.477997,118.477997,118.477997,118.477997,0.000000,118.477997
2023-09-29,119.378998,119.378998,119.378998,119.378998,0.000000,119.378998
2023-10-02,117.359001,117.359001,117.359001,117.359001,0.000000,117.359001
2023-10-03,114.843002,114.843002,114.843002,114.843002,0.000000,114.843002
2023-10-04,115.632004,115.632004,115.632004,115.632004,0.000000,115.632004
2023-10-05,116.806999,116.806999,116.806999,116.806999,0.000000,116.806999
2023-10-06,116.778000,116.778000,116.778000,116.778000,0.000000,116.778000
2023-10-09,,,,,,
2023-10-10,119.098000,119.098000,119.098000,119.098000,0.000000,119.098000
2023-10-11,120.723999,120.723999,120.723999,120.723999,0.000000,120.723999
2023-10-12,119.488998,119.488998,119.488998,119.488998,0.000000,119.488998
2023-10-13,118.305000,118.305000,118.305000,118.305000,0.000000,118.305000
2023-10-16,118.974998,118.974998,118.974998,118.974998,0.000000,118.974998
2023-10-17,119.519997,119.519997,119.519997,119.519997,0.000000,119.519997
2023-10-18,117.517998,117.517998,117.517998,117.517998,0.000000,117.517998
2023-10-19,115.191002,115.191002,115.191002,115.191002,0.000000,115.191002
2023-10-20,114.580002,114.580002,114.580002,114.580002,0.000000,114.580002
2023-10-23,113.568001,113.568001,113.568001,113.568001,0.000000,113.568001
2023-10-24,114.612000,114.612000,114.612000,114.612000,0.000000,114.612000
2023-10-25,112.512001,112.512001,112.512001,112.512001,0.000000,112.512001
2023-10-26,113.123001,113.123001,113.123001,113.123001,0.000000,113.123001
2023-10-27,112.594002,112.594002,112.594002,112.594002,0.000000,112.594002
2023-10-30,,,,,,
2023-10-31,114.614998,114.614998,114.614998,114.614998,0.000000,114.614998
2023-11-01,115.893997,115.893997,115.893997,115.893997,0.000000,115.893997
2023-11-02,119.603996,119.603996,119.603996,119.603996,0.000000,119.603996
2023-11-03,121.887001,121.887001,121.887001,121.887001,0.000000,121.887001
2023-11-06,120.619003,120.619003,120.619003,120.619003,0.000000,120.619003
2023-11-07,118.946999,118.946999,118.946999,118.946999,0.000000,118.946999
2023-11-08,119.167999,119.167999,119.167999,119.167999,0.000000,119.167999
2023-11-09,118.306000,118.306000,118.306000,118.306000,0.000000,118.306000
2023-11-10,,,,,,
2023-11-13,117.710999,117.710999,117.710999,117.710999,0.000000,117.710999
2023-11-14,122.954002,122.954002,122.954002,122.954002,0.000000,122.954002
2023-11-15,123.782997,123.782997,123.782997,123.782997,0.000000,123.782997
2023-11-16,123.277000,123.277000,123.277000,123.277000,0.000000,123.277000
2023-11-17,123.750999,123.750999,123.750999,123.750999,0.000000,123.750999
2023-11-20,124.857002,124.857002,124.857002,124.857002,0.000000,124.857002
2023-11-21,124.080002,124.080002,124.080002,124.080002,0.000000,124.080002
2023-11-22,124.245003,124.245003,124.245003,124.245003,0.000000,124.245003
2023-11-24,124.820000,124.820000,124.820000,124.820000,0.000000,124.820000
2023-11-27,125.060997,125.060997,125.060997,125.060997,0.000000,125.060997
2023-11-28,125.321999,125.321999,125.321999,125.321999,0.000000,125.321999
2023-11-29,125.774002,125.774002,125.774002,125.774002,0.000000,125.774002
2023-11-30,126.358002,126.358002,126.358002,126.358002,0.000000,126.358002
2023-12-01,128.595993,128.595993,128.595993,128.595993,0.000000,128.595993
2023-12-04,129.470993,129.470993,129.470993,129.470993,0.000000,129.470993
2023-12-05,129.179001,129.179001,129.179001,129.179001,0.000000,129.179001
2023-12-06,129.110992,129.110992,129.110992,129.110992,0.000000,129.110992
2023-12-07,129.302002,129.302002,129.302002,129.302002,0.000000,129.302002
2023-12-08,129.242996,129.242996,129.242996,129.242996,0.000000,129.242996
2023-12-11,129.444000,129.444000,129.444000,129.444000,0.000000,129.444000
2023-12-12,129.533005,129.533005,129.533005,129.533005,0.000000,129.533005
2023-12-13,132.584000,132.584000,132.584000,132.584000,0.000000,132.584000
2023-12-14,137.085007,137.085007,137.085007,137.085007,0.000000,137.085007
2023-12-15,135.507004,135.507004,135.507004,135.507004,0.000000,135.507004
2023-12-18,134.464005,134.464005,134.464005,134.464005,0.000000,134.464005
2023-12-19,135.278000,135.278000,135.278000,135.278000,0.000000,135.278000
2023-12-20,134.412994,134.412994,134.412994,134.412994,0.000000,134.412994
2023-12-21,135.186996,135.186996,135.186996,135.186996,0.000000,135.186996
2023-12-22,135.725998,135.725998,135.725998,135.725998,0.000000,135.725998
2023-12-26,,,,,,
2023-12-27,,,,,,
2023-12-28,138.350998,138.350998,138.350998,138.350998,0.000000,138.350998
2023-12-29,137.041000,137.041000,137.041000,137.041000,0.000000,137.041000
2024-01-02,136.889008,136.889008,136.889008,136.889008,0.000000,136.889008
2024-01-03,133.977005,133.977005,133.977005,133.977005,0.000000,133.977005
2024-01-04,133.776001,133.776001,133.776001,133.776001,0.000000,133.776001
2024-01-05,134.063995,134.063995,134.063995,134.063995,0.000000,134.063995
2024-01-08,135.556000,135.556000,135.556000,135.556000,0.000000,135.556000
2024-01-09,134.968994,134.968994,134.968994,134.968994,0.000000,134.968994
2024-01-10,135.541000,135.541000,135.541000,135.541000,0.000000,135.541000
2024-01-11,134.891006,134.891006,134.891006,134.891006,0.000000,134.891006
2024-01-12,135.979996,135.979996,135.979996,135.979996,0.000000,135.979996
2024-01-16,134.514999,134.514999,134.514999,134.514999,0.000000,134.514999
2024-01-17,131.537994,131.537994,131.537994,131.537994,0.000000,131.537994
2024-01-18,130.464005,130.464005,130.464005,130.464005,0.000000,130.464005
2024-01-19,132.679993,132.679993,132.679993,132.679993,0.000000,132.679993
2024-01-22,133.427002,133.427002,133.427002,133.427002,0.000000,133.427002
2024-01-23,132.557999,132.557999,132.557999,132.557999,0.000000,132.557999
2024-01-24,132.022003,132.022003,132.022003,132.022003,0.000000,132.022003
2024-01-25,132.399994,132.399994,132.399994,132.399994,0.000000,132.399994
2024-01-26,132.585007,132.585007,132.585007,132.585007,0.000000,132.585007
2024-01-29,133.287003,133.287003,133.287003,133.287003,0.000000,133.287003
2024-01-30,132.636993,132.636993,132.636993,132.636993,0.000000,132.636993
2024-01-31,132.481003,132.481003,132.481003,132.481003,0.000000,132.481003
2024-02-01,133.222000,133.222000,133.222000,133.222000,0.000000,133.222000
2024-02-02,132.343002,132.343002,132.343002,132.343002,0.000000,132.343002
2024-02-05,,,,,,
2024-02-06,131.552994,131.552994,131.552994,131.552994,0.000000,131.552994
2024-02-07,131.796005,131.796005,131.796005,131.796005,0.000000,131.796005
2024-02-08,132.479996,132.479996,132.479996,132.479996,0.000000,132.479996
2024-02-09,132.692001,132.692001,132.692001,132.692001,0.000000,132.692001
2024-02-12,132.768005,132.768005,132.768005,132.768005,0.000000,132.768005
2024-02-13,130.645996,130.645996,130.645996,130.645996,0.000000,130.645996
2024-02-14,131.376007,131.376007,131.376007,131.376007,0.000000,131.376007
2024-02-15,134.395004,134.395004,134.395004,134.395004,0.000000,134.395004
2024-02-16,134.317001,134.317001,134.317001,134.317001,0.000000,134.317001
2024-02-20,133.826996,133.826996,133.826996,133.826996,0.000000,133.826996
2024-02-21,134.455994,134.455994,134.455994,134.455994,0.000000,134.455994
2024-02-22,134.996002,134.996002,134.996002,134.996002,0.000000,134.996002
2024-02-23,134.748993,134.748993,134.748993,134.748993,0.000000,134.748993
2024-02-26,133.820007,133.820007,133.820007,133.820007,0.000000,133.820007
2024-02-27,133.815002,133.815002,133.815002,133.815002,0.000000,133.815002
2024-02-28,133.843994,133.843994,133.843994,133.843994,0.000000,133.843994
2024-02-29,134.589996,134.589996,134.589996,134.589996,0.000000,134.589996
2024-03-01,135.811005,135.811005,135.811005,135.811005,0.000000,135.811005
2024-03-04,136.639999,136.639999,136.639999,136.639999,0.000000,136.639999
2024-03-05,135.518997,135.518997,135.518997,135.518997,0.000000,135.518997
2024-03-06,136.464996,136.464996,136.464996,136.464996,0.000000,136.464996
2024-03-07,136.994003,136.994003,136.994003,136.994003,0.000000,136.994003
2024-03-08,138.608994,138.608994,138.608994,138.608994,0.000000,138.608994
2024-03-11,137.925995,137.925995,137.925995,137.925995,0.000000,137.925995
2024-03-12,137.651001,137.651001,137.651001,137.651001,0.000000,137.651001
2024-03-13,137.209000,137.209000,137.209000,137.209000,0.000000,137.209000
2024-03-14,135.862000,135.862000,135.862000,135.862000,0.000000,135.862000
2024-03-15,135.477005,135.477005,135.477005,135.477005,0.000000,135.477005
2024-03-18,,,,,,
2024-03-19,136.559998,136.559998,136.559998,136.559998,0.000000,136.559998
2024-03-20,136.772995,136.772995,136.772995,136.772995,0.000000,136.772995
2024-03-21,138.154007,138.154007,138.154007,138.154007,0.000000,138.154007
2024-03-22,137.119003,137.119003,137.119003,137.119003,0.000000,137.119003
2024-03-25,136.447006,136.447006,136.447006,136.447006,0.000000,136.447006
2024-03-26,136.194000,136.194000,136.194000,136.194000,0.000000,136.194000
2024-03-27,138.703995,138.703995,138.703995,138.703995,0.000000,138.703995
2024-03-28,139.710999,139.710999,139.710999,139.710999,0.000000,139.710999
2024-04-01,,,,,,
2024-04-02,136.126999,136.126999,136.126999,136.126999,0.000000,136.126999
2024-04-03,135.438004,135.438004,135.438004,135.438004,0.000000,135.438004
2024-04-04,135.376007,135.376007,135.376007,135.376007,0.000000,135.376007
2024-04-05,135.503006,135.503006,135.503006,135.503006,0.000000,135.503006
2024-04-08,137.158005,137.158005,137.158005,137.158005,0.000000,137.158005
2024-04-09,138.192001,138.192001,138.192001,138.192001,0.000000,138.192001
2024-04-10,134.177994,134.177994,134.177994,134.177994,0.000000,134.177994
2024-04-11,134.013000,134.013000,134.013000,134.013000,0.000000,134.013000
2024-04-12,133.138000,133.138000,133.138000,133.138000,0.000000,133.138000
2024-04-15,131.104004,131.104004,131.104004,131.104004,0.000000,131.104004
2024-04-16,129.348007,129.348007,129.348007,129.348007,0.000000,129.348007
2024-04-17,129.042999,129.042999,129.042999,129.042999,0.000000,129.042999
2024-04-18,129.410004,129.410004,129.410004,129.410004,0.000000,129.410004
2024-04-19,129.335007,129.335007,129.335007,129.335007,0.000000,129.335007
2024-04-22,130.679001,130.679001,130.679001,130.679001,0.000000,130.679001
2024-04-23,132.188004,132.188004,132.188004,132.188004,0.000000,132.188004
2024-04-24,131.927994,131.927994,131.927994,131.927994,0.000000,131.927994
2024-04-25,130.873993,130.873993,130.873993,130.873993,0.000000,130.873993
2024-04-26,131.199997,131.199997,131.199997,131.199997,0.000000,131.199997
2024-04-29,132.509995,132.509995,132.509995,132.509995,0.000000,132.509995
2024-04-30,131.567001,131.567001,131.567001,131.567001,0.000000,131.567001
2024-05-01,131.197006,131.197006,131.197006,131.197006,0.000000,131.197006
2024-05-02,133.121002,133.121002,133.121002,133.121002,0.000000,133.121002
2024-05-03,134.091995,134.091995,134.091995,134.091995,0.000000,134.091995
2024-05-06,,,,,,
2024-05-07,135.880005,135.880005,135.880005,135.880005,0.000000,135.880005
2024-05-08,134.503998,134.503998,134.503998,134.503998,0.000000,134.503998
2024-05-09,136.151001,136.151001,136.151001,136.151001,0.000000,136.151001
2024-05-10,136.026993,136.026993,136.026993,136.026993,0.000000,136.026993
2024-05-13,136.138000,136.138000,136.138000,136.138000,0.000000,136.138000
2024-05-14,136.645004,136.645004,136.645004,136.645004,0.000000,136.645004
2024-05-15,138.423004,138.423004,138.423004,138.423004,0.000000,138.423004
2024-05-16,138.761993,138.761993,138.761993,138.761993,0.000000,138.761993
2024-05-17,138.746994,138.746994,138.746994,138.746994,0.000000,138.746994
2024-05-20,138.130997,138.130997,138.130997,138.130997,0.000000,138.130997
2024-05-21,137.794998,137.794998,137.794998,137.794998,0.000000,137.794998
2024-05-22,136.804001,136.804001,136.804001,136.804001,0.000000,136.804001
2024-05-23,134.645996,134.645996,134.645996,134.645996,0.000000,134.645996
2024-05-24,134.671997,134.671997,134.671997,134.671997,0.000000,134.671997
2024-05-28,134.690994,134.690994,134.690994,134.690994,0.000000,134.690994
2024-05-29,133.046005,133.046005,133.046005,133.046005,0.000000,133.046005
2024-05-30,134.826996,134.826996,134.826996,134.826996,0.000000,134.826996
2024-05-31,136.591003,136.591003,136.591003,136.591003,0.000000,136.591003
2024-06-03,,,,,,
2024-06-04,138.097000,138.097000,138.097000,138.097000,0.000000,138.097000
2024-06-05,138.201004,138.201004,138.201004,138.201004,0.000000,138.201004
2024-06-06,138.548996,138.548996,138.548996,138.548996,0.000000,138.548996
2024-06-07,137.082001,137.082001,137.082001,137.082001,0.000000,137.082001
2024-06-10,137.240997,137.240997,137.240997,137.240997,0.000000,137.240997
2024-06-11,136.156006,136.156006,136.156006,136.156006,0.000000,136.156006
2024-06-12,137.444000,137.444000,137.444000,137.444000,0.000000,137.444000
2024-06-13,137.373993,137.373993,137.373993,137.373993,0.000000,137.373993
2024-06-14,137.098007,137.098007,137.098007,137.098007,0.000000,137.098007
2024-06-17,136.509995,136.509995,136.509995,136.509995,0.000000,136.509995
2024-06-18,136.742004,136.742004,136.742004,136.742004,0.000000,136.742004
2024-06-20,136.322998,136.322998,136.322998,136.322998,0.000000,136.322998
2024-06-21,136.001999,136.001999,136.001999,136.001999,0.000000,136.001999
2024-06-24,136.938004,136.938004,136.938004,136.938004,0.000000,136.938004
2024-06-25,135.813004,135.813004,135.813004,135.813004,0.000000,135.813004
2024-06-26,135.248993,135.248993,135.248993,135.248993,0.000000,135.248993
2024-06-27,135.858994,135.858994,135.858994,135.858994,0.000000,135.858994
2024-06-28,137.091003,137.091003,137.091003,137.091003,0.000000,137.091003
2024-07-01,136.382996,136.382996,136.382996,136.382996,0.000000,136.382996
2024-07-02,137.110992,137.110992,137.110992,137.110992,0.000000,137.110992
2024-07-03,137.830002,137.830002,137.830002,137.830002,0.000000,137.830002
2024-07-05,138.367004,138.367004,138.367004,138.367004,0.000000,138.367004
2024-07-08,138.440994,138.440994,138.440994,138.440994,0.000000,138.440994
2024-07-09,138.320007,138.320007,138.320007,138.320007,0.000000,138.320007
2024-07-10,139.401993,139.401993,139.401993,139.401993,0.000000,139.401993
2024-07-11,142.244995,142.244995,142.244995,142.244995,0.000000,142.244995
2024-07-12,143.453003,143.453003,143.453003,143.453003,0.000000,143.453003
2024-07-15,144.138000,144.138000,144.138000,144.138000,0.000000,144.138000
2024-07-16,144.919998,144.919998,144.919998,144.919998,0.000000,144.919998
2024-07-17,145.604996,145.604996,145.604996,145.604996,0.000000,145.604996
2024-07-18,144.395004,144.395004,144.395004,144.395004,0.000000,144.395004
2024-07-19,144.024002,144.024002,144.024002,144.024002,0.000000,144.024002
2024-07-22,145.067001,145.067001,145.067001,145.067001,0.000000,145.067001
2024-07-23,144.979004,144.979004,144.979004,144.979004,0.000000,144.979004
2024-07-24,142.807999,142.807999,142.807999,142.807999,0.000000,142.807999
2024-07-25,141.319000,141.319000,141.319000,141.319000,0.000000,141.319000
2024-07-26,143.141006,143.141006,143.141006,143.141006,0.000000,143.141006
2024-07-29,144.238007,144.238007,144.238007,144.238007,0.000000,144.238007
2024-07-30,144.912003,144.912003,144.912003,144.912003,0.000000,144.912003
2024-07-31,145.238998,145.238998,145.238998,145.238998,0.000000,145.238998
2024-08-01,146.205994,146.205994,146.205994,146.205994,0.000000,146.205994
2024-08-02,145.188004,145.188004,145.188004,145.188004,0.000000,145.188004
2024-08-05,,,,,,
2024-08-06,143.817993,143.817993,143.817993,143.817993,0.000000,143.817993
2024-08-07,143.822998,143.822998,143.822998,143.822998,0.000000,143.822998
2024-08-08,144.557007,144.557007,144.557007,144.557007,0.000000,144.557007
2024-08-09,145.826996,145.826996,145.826996,145.826996,0.000000,145.826996
2024-08-12,145.035004,145.035004,145.035004,145.035004,0.000000,145.035004
2024-08-13,146.468994,146.468994,146.468994,146.468994,0.000000,146.468994
2024-08-14,147.632004,147.632004,147.632004,147.632004,0.000000,147.632004
2024-08-15,147.257004,147.257004,147.257004,147.257004,0.000000,147.257004
2024-08-16,147.279007,147.279007,147.279007,147.279007,0.000000,147.279007
2024-08-19,148.781006,148.781006,148.781006,148.781006,0.000000,148.781006
2024-08-20,149.050003,149.050003,149.050003,149.050003,0.000000,149.050003
2024-08-21,149.507004,149.507004,149.507004,149.507004,0.000000,149.507004
2024-08-22,150.270004,150.270004,150.270004,150.270004,0.000000,150.270004
2024-08-23,152.716995,152.716995,152.716995,152.716995,0.000000,152.716995
2024-08-26,153.378998,153.378998,153.378998,153.378998,0.000000,153.378998
2024-08-27,153.701996,153.701996,153.701996,153.701996,0.000000,153.701996
2024-08-28,153.255005,153.255005,153.255005,153.255005,0.000000,153.255005
2024-08-29,152.386002,152.386002,152.386002,152.386002,0.000000,152.386002
2024-08-30,153.845993,153.845993,153.845993,153.845993,0.000000,153.845993
2024-09-03,153.072006,153.072006,153.072006,153.072006,0.000000,153.072006
2024-09-04,153.281998,153.281998,153.281998,153.281998,0.000000,153.281998
2024-09-05,153.322998,153.322998,153.322998,153.322998,0.000000,153.322998
2024-09-06,153.291000,153.291000,153.291000,153.291000,0.000000,153.291000
2024-09-09,154.087006,154.087006,154.087006,154.087006,0.000000,154.087006
2024-09-10,156.154999,156.154999,156.154999,156.154999,0.000000,156.154999
2024-09-11,155.692993,155.692993,155.692993,155.692993,0.000000,155.692993
2024-09-12,156.923004,156.923004,156.923004,156.923004,0.000000,156.923004
2024-09-13,158.651993,158.651993,158.651993,158.651993,0.000000,158.651993
2024-09-16,159.227005,159.227005,159.227005,159.227005,0.000000,159.227005
2024-09-17,158.061996,158.061996,158.061996,158.061996,0.000000,158.061996
2024-09-18,157.921005,157.921005,157.921005,157.921005,0.000000,157.921005
2024-09-19,158.436005,158.436005,158.436005,158.436005,0.000000,158.436005
2024-09-20,157.751999,157.751999,157.751999,157.751999,0.000000,157.751999
2024-09-23,159.313995,159.313995,159.313995,159.313995,0.000000,159.313995
2024-09-24,158.819000,158.819000,158.819000,158.819000,0.000000,158.819000
2024-09-25,159.007996,159.007996,159.007996,159.007996,0.000000,159.007996
2024-09-26,158.244003,158.244003,158.244003,158.244003,0.000000,158.244003
2024-09-27,159.257996,159.257996,159.257996,159.257996,0.000000,159.257996
2024-09-30,159.294998,159.294998,159.294998,159.294998,0.000000,159.294998
2024-10-01,158.350998,158.350998,158.350998,158.350998,0.000000,158.350998
2024-10-02,157.526001,157.526001,157.526001,157.526001,0.000000,157.526001
2024-10-03,156.561005,156.561005,156.561005,156.561005,0.000000,156.561005
2024-10-04,155.556000,155.556000,155.556000,155.556000,0.000000,155.556000
2024-10-07,154.343002,154.343002,154.343002,154.343002,0.000000,154.343002
2024-10-08,153.996002,153.996002,153.996002,153.996002,0.000000,153.996002
2024-10-09,154.106003,154.106003,154.106003,154.106003,0.000000,154.106003
2024-10-10,153.195007,153.195007,153.195007,153.195007,0.000000,153.195007
2024-10-11,154.326996,154.326996,154.326996,154.326996,0.000000,154.326996
2024-10-14,,,,,,
2024-10-15,155.923996,155.923996,155.923996,155.923996,0.000000,155.923996
2024-10-16,157.373001,157.373001,157.373001,157.373001,0.000000,157.373001
2024-10-17,156.839005,156.839005,156.839005,156.839005,0.000000,156.839005
2024-10-18,157.722000,157.722000,157.722000,157.722000,0.000000,157.722000
2024-10-21,155.121994,155.121994,155.121994,155.121994,0.000000,155.121994
2024-10-22,154.681000,154.681000,154.681000,154.681000,0.000000,154.681000
2024-10-23,155.272003,155.272003,155.272003,155.272003,0.000000,155.272003
2024-10-24,154.895004,154.895004,154.895004,154.895004,0.000000,154.895004
2024-10-25,154.774994,154.774994,154.774994,154.774994,0.000000,154.774994
2024-10-28,,,,,,
2024-10-29,154.860001,154.860001,154.860001,154.860001,0.000000,154.860001
2024-10-30,155.315002,155.315002,155.315002,155.315002,0.000000,155.315002
2024-10-31,153.033997,153.033997,153.033997,153.033997,0.000000,153.033997
2024-11-01,151.742004,151.742004,151.742004,151.742004,0.000000,151.742004
2024-11-04,152.649994,152.649994,152.649994,152.649994,0.000000,152.649994
2024-11-05,154.214996,154.214996,154.214996,154.214996,0.000000,154.214996
2024-11-06,151.490005,151.490005,151.490005,151.490005,0.000000,151.490005
2024-11-07,153.069000,153.069000,153.069000,153.069000,0.000000,153.069000
2024-11-08,154.565994,154.565994,154.565994,154.565994,0.000000,154.565994
2024-11-11,,,,,,
2024-11-12,152.218002,152.218002,152.218002,152.218002,0.000000,152.218002
2024-11-13,152.270004,152.270004,152.270004,152.270004,0.000000,152.270004
2024-11-14,151.399994,151.399994,151.399994,151.399994,0.000000,151.399994
2024-11-15,151.873993,151.873993,151.873993,151.873993,0.000000,151.873993
2024-11-18,152.270004,152.270004,152.270004,152.270004,0.000000,152.270004
2024-11-19,153.804993,153.804993,153.804993,153.804993,0.000000,153.804993
2024-11-20,152.843002,152.843002,152.843002,152.843002,0.000000,152.843002
2024-11-21,153.399002,153.399002,153.399002,153.399002,0.000000,153.399002
2024-11-22,154.132004,154.132004,154.132004,154.132004,0.000000,154.132004
2024-11-25,155.516998,155.516998,155.516998,155.516998,0.000000,155.516998
2024-11-26,156.123001,156.123001,156.123001,156.123001,0.000000,156.123001
2024-11-27,157.554993,157.554993,157.554993,157.554993,0.000000,157.554993
2024-11-29,157.001999,157.001999,157.001999,157.001999,0.000000,157.001999
2024-12-02,154.936005,154.936005,154.936005,154.936005,0.000000,154.936005
2024-12-03,154.449997,154.449997,154.449997,154.449997,0.000000,154.449997
2024-12-04,154.274002,154.274002,154.274002,154.274002,0.000000,154.274002
2024-12-05,153.716003,153.716003,153.716003,153.716003,0.000000,153.716003
2024-12-06,153.707993,153.707993,153.707993,153.707993,0.000000,153.707993
2024-12-09,153.154007,153.154007,153.154007,153.154007,0.000000,153.154007
2024-12-10,151.171997,151.171997,151.171997,151.171997,0.000000,151.171997
2024-12-11,151.320999,151.320999,151.320999,151.320999,0.000000,151.320999
2024-12-12,151.171005,151.171005,151.171005,151.171005,0.000000,151.171005
2024-12-13,150.729004,150.729004,150.729004,150.729004,0.000000,150.729004
2024-12-16,150.070999,150.070999,150.070999,150.070999,0.000000,150.070999
2024-12-17,149.766006,149.766006,149.766006,149.766006,0.000000,149.766006
2024-12-18,145.347000,145.347000,145.347000,145.347000,0.000000,145.347000
2024-12-19,142.317001,142.317001,142.317001,142.317001,0.000000,142.317001
2024-12-20,144.647995,144.647995,144.647995,144.647995,0.000000,144.647995
2024-12-23,145.171005,145.171005,145.171005,145.171005,0.000000,145.171005
2024-12-24,146.216003,146.216003,146.216003,146.216003,0.000000,146.216003
2024-12-26,,,,,,
2024-12-27,,,,,,
2024-12-30,144.862000,144.862000,144.862000,144.862000,0.000000,144.862000
2024-12-31,145.628998,145.628998,145.628998,145.628998,0.000000,145.628998
2025-01-02,144.802994,144.802994,144.802994,144.802994,0.000000,144.802994
2025-01-03,146.276993,146.276993,146.276993,146.276993,0.000000,146.276993
2025-01-06,145.095993,145.095993,145.095993,145.095993,0.000000,145.095993
2025-01-07,144.335007,144.335007,144.335007,144.335007,0.000000,144.335007
2025-01-08,143.910004,143.910004,143.910004,143.910004,0.000000,143.910004
2025-01-10,141.095993,141.095993,141.095993,141.095993,0.000000,141.095993
2025-01-13,141.358994,141.358994,141.358994,141.358994,0.000000,141.358994
2025-01-14,142.610001,142.610001,142.610001,142.610001,0.000000,142.610001
2025-01-15,143.925995,143.925995,143.925995,143.925995,0.000000,143.925995
2025-01-16,146.014999,146.014999,146.014999,146.014999,0.000000,146.014999
2025-01-17,145.746002,145.746002,145.746002,145.746002,0.000000,145.746002
2025-01-21,148.197006,148.197006,148.197006,148.197006,0.000000,148.197006
2025-01-22,146.639008,146.639008,146.639008,146.639008,0.000000,146.639008
2025-01-23,147.667999,147.667999,147.667999,147.667999,0.000000,147.667999
2025-01-24,148.701996,148.701996,148.701996,148.701996,0.000000,148.701996
2025-01-27,149.108994,149.108994,149.108994,149.108994,0.000000,149.108994
2025-01-28,147.800995,147.800995,147.800995,147.800995,0.000000,147.800995
2025-01-29,146.550995,146.550995,146.550995,146.550995,0.000000,146.550995
2025-01-30,148.518005,148.518005,148.518005,148.518005,0.000000,148.518005
2025-01-31,148.087006,148.087006,148.087006,148.087006,0.000000,148.087006
2025-02-03,,,,,,
2025-02-04,147.386993,147.386993,147.386993,147.386993,0.000000,147.386993
2025-02-05,149.746002,149.746002,149.746002,149.746002,0.000000,149.746002
2025-02-06,150.257996,150.257996,150.257996,150.257996,0.000000,150.257996
2025-02-07,149.651993,149.651993,149.651993,149.651993,0.000000,149.651993
2025-02-10,149.466003,149.466003,149.466003,149.466003,0.000000,149.466003
2025-02-11,149.593002,149.593002,149.593002,149.593002,0.000000,149.593002
2025-02-12,148.460007,148.460007,148.460007,148.460007,0.000000,148.460007
2025-02-13,149.714005,149.714005,149.714005,149.714005,0.000000,149.714005
2025-02-14,149.477997,149.477997,149.477997,149.477997,0.000000,149.477997
2025-02-18,149.628006,149.628006,149.628006,149.628006,0.000000,149.628006
2025-02-19,148.951996,148.951996,148.951996,148.951996,0.000000,148.951996
2025-02-20,149.307999,149.307999,149.307999,149.307999,0.000000,149.307999
2025-02-21,148.382996,148.382996,148.382996,148.382996,0.000000,148.382996
2025-02-24,148.710999,148.710999,148.710999,148.710999,0.000000,148.710999
2025-02-25,149.722000,149.722000,149.722000,149.722000,0.000000,149.722000
2025-02-26,149.516998,149.516998,149.516998,149.516998,0.000000,149.516998
2025-02-27,149.408997,149.408997,149.408997,149.408997,0.000000,149.408997
2025-02-28,149.608002,149.608002,149.608002,149.608002,0.000000,149.608002
2025-03-03,150.184006,150.184006,150.184006,150.184006,0.000000,150.184006
2025-03-04,148.996994,148.996994,148.996994,148.996994,0.000000,148.996994
2025-03-05,150.022995,150.022995,150.022995,150.022995,0.000000,150.022995
2025-03-06,146.529999,146.529999,146.529999,146.529999,0.000000,146.529999
2025-03-07,146.371994,146.371994,146.371994,146.371994,0.000000,146.371994
2025-03-10,144.725998,144.725998,144.725998,144.725998,0.000000,144.725998
2025-03-11,144.076996,144.076996,144.076996,144.076996,0.000000,144.076996
2025-03-12,144.171005,144.171005,144.171005,144.171005,0.000000,144.171005
2025-03-13,142.246994,142.246994,142.246994,142.246994,0.000000,142.246994
2025-03-14,143.919006,143.919006,143.919006,143.919006,0.000000,143.919006
2025-03-17,,,,,,
2025-03-18,145.332993,145.332993,145.332993,145.332993,0.000000,145.332993
2025-03-19,145.147003,145.147003,145.147003,145.147003,0.000000,145.147003
2025-03-20,145.438995,145.438995,145.438995,145.438995,0.000000,145.438995
2025-03-21,143.949997,143.949997,143.949997,143.949997,0.000000,143.949997
2025-03-24,145.612000,145.612000,145.612000,145.612000,0.000000,145.612000
2025-03-25,145.046997,145.046997,145.046997,145.046997,0.000000,145.046997
2025-03-26,145.554001,145.554001,145.554001,145.554001,0.000000,145.554001
2025-03-27,145.024002,145.024002,145.024002,145.024002,0.000000,145.024002
2025-03-28,144.938004,144.938004,144.938004,144.938004,0.000000,144.938004
2025-03-31,144.904999,144.904999,144.904999,144.904999,0.000000,144.904999
2025-04-01,145.559998,145.559998,145.559998,145.559998,0.000000,145.559998
2025-04-02,146.048004,146.048004,146.048004,146.048004,0.000000,146.048004
2025-04-03,143.735001,143.735001,143.735001,143.735001,0.000000,143.735001
2025-04-04,137.919006,137.919006,137.919006,137.919006,0.000000,137.919006
2025-04-07,132.503998,132.503998,132.503998,132.503998,0.000000,132.503998
2025-04-08,131.016006,131.016006,131.016006,131.016006,0.000000,131.016006
2025-04-09,135.807007,135.807007,135.807007,135.807007,0.000000,135.807007
2025-04-10,136.001999,136.001999,136.001999,136.001999,0.000000,136.001999
2025-04-11,137.580002,137.580002,137.580002,137.580002,0.000000,137.580002
2025-04-14,140.087006,140.087006,140.087006,140.087006,0.000000,140.087006
2025-04-15,140.779999,140.779999,140.779999,140.779999,0.000000,140.779999
2025-04-16,141.145004,141.145004,141.145004,141.145004,0.000000,141.145004
2025-04-17,143.102997,143.102997,143.102997,143.102997,0.000000,143.102997
2025-04-21,,,,,,
2025-04-22,143.330002,143.330002,143.330002,143.330002,0.000000,143.330002
2025-04-23,143.813004,143.813004,143.813004,143.813004,0.000000,143.813004
2025-04-24,144.235992,144.235992,144.235992,144.235992,0.000000,144.235992
2025-04-25,144.309998,144.309998,144.309998,144.309998,0.000000,144.309998
2025-04-28,145.373001,145.373001,145.373001,145.373001,0.000000,145.373001
2025-04-29,145.501999,145.501999,145.501999,145.501999,0.000000,145.501999
2025-04-30,146.714005,146.714005,146.714005,146.714005,0.000000,146.714005
2025-05-01,147.130997,147.130997,147.130997,147.130997,0.000000,147.130997
2025-05-02,149.292007,149.292007,149.292007,149.292007,0.000000,149.292007
2025-05-05,,,,,,
2025-05-06,148.828003,148.828003,148.828003,148.828003,0.000000,148.828003
2025-05-07,149.192001,149.192001,149.192001,149.192001,0.000000,149.192001
2025-05-08,148.035995,148.035995,148.035995,148.035995,0.000000,148.035995
2025-05-09,149.044998,149.044998,149.044998,149.044998,0.000000,149.044998
2025-05-12,148.953003,148.953003,148.953003,148.953003,0.000000,148.953003
2025-05-13,147.386993,147.386993,147.386993,147.386993,0.000000,147.386993
2025-05-14,146.666000,146.666000,146.666000,146.666000,0.000000,146.666000
2025-05-15,148.442001,148.442001,148.442001,148.442001,0.000000,148.442001
2025-05-16,149.856995,149.856995,149.856995,149.856995,0.000000,149.856995
2025-05-19,150.296005,150.296005,150.296005,150.296005,0.000000,150.296005
2025-05-20,149.960007,149.960007,149.960007,149.960007,0.000000,149.960007
2025-05-21,147.445007,147.445007,147.445007,147.445007,0.000000,147.445007
2025-05-22,146.567993,146.567993,146.567993,146.567993,0.000000,146.567993
2025-05-23,147.197998,147.197998,147.197998,147.197998,0.000000,147.197998
2025-05-27,149.363998,149.363998,149.363998,149.363998,0.000000,149.363998
2025-05-28,149.516006,149.516006,149.516006,149.516006,0.000000,149.516006
2025-05-29,150.477005,150.477005,150.477005,150.477005,0.000000,150.477005
2025-05-30,151.042999,151.042999,151.042999,151.042999,0.000000,151.042999
2025-06-02,,,,,,
2025-06-03,151.061005,151.061005,151.061005,151.061005,0.000000,151.061005
2025-06-04,151.330002,151.330002,151.330002,151.330002,0.000000,151.330002
2025-06-05,151.190994,151.190994,151.190994,151.190994,0.000000,151.190994
2025-06-06,151.895996,151.895996,151.895996,151.895996,0.000000,151.895996
2025-06-09,152.035995,152.035995,152.035995,152.035995,0.000000,152.035995
2025-06-10,152.863998,152.863998,152.863998,152.863998,0.000000,152.863998
2025-06-11,152.199997,152.199997,152.199997,152.199997,0.000000,152.199997
2025-06-12,152.779007,152.779007,152.779007,152.779007,0.000000,152.779007
2025-06-13,151.863007,151.863007,151.863007,151.863007,0.000000,151.863007
2025-06-16,152.268005,152.268005,152.268005,152.268005,0.000000,152.268005
2025-06-17,152.238007,152.238007,152.238007,152.238007,0.000000,152.238007
2025-06-18,152.964005,152.964005,152.964005,152.964005,0.000000,152.964005
2025-06-20,152.630005,152.630005,152.630005,152.630005,0.000000,152.630005
2025-06-23,153.992004,153.992004,153.992004,153.992004,0.000000,153.992004
2025-06-24,154.481003,154.481003,154.481003,154.481003,0.000000,154.481003
2025-06-25,151.707993,151.707993,151.707993,151.707993,0.000000,151.707993
2025-06-26,152.024994,152.024994,152.024994,152.024994,0.000000,152.024994
2025-06-27,152.462997,152.462997,152.462997,152.462997,0.000000,152.462997
2025-06-30,153.063004,153.063004,153.063004,153.063004,0.000000,153.063004
2025-07-01,153.498993,153.498993,153.498993,153.498993,0.000000,153.498993
2025-07-02,153.600998,153.600998,153.600998,153.600998,0.000000,153.600998
2025-07-03,153.807007,153.807007,153.807007,153.807007,0.000000,153.807007
2025-07-07,152.774994,152.774994,152.774994,152.774994,0.000000,152.774994
2025-07-08,151.442001,151.442001,151.442001,151.442001,0.000000,151.442001
2025-07-09,151.440994,151.440994,151.440994,151.440994,0.000000,151.440994
2025-07-10,151.929993,151.929993,151.929993,151.929993,0.000000,151.929993
2025-07-11,152.042007,152.042007,152.042007,152.042007,0.000000,152.042007
2025-07-14,152.871002,152.871002,152.871002,152.871002,0.000000,152.871002
2025-07-15,151.285004,151.285004,151.285004,151.285004,0.000000,151.285004
2025-07-16,152.052994,152.052994,152.052994,152.052994,0.000000,152.052994
2025-07-17,152.022995,152.022995,152.022995,152.022995,0.000000,152.022995
2025-07-18,152.278000,152.278000,152.278000,152.278000,0.000000,152.278000
2025-07-21,152.740997,152.740997,152.740997,152.740997,0.000000,152.740997
2025-07-22,154.388000,154.388000,154.388000,154.388000,0.000000,154.388000
2025-07-23,154.781998,154.781998,154.781998,154.781998,0.000000,154.781998
2025-07-24,153.988007,153.988007,153.988007,153.988007,0.000000,153.988007
2025-07-25,153.593994,153.593994,153.593994,153.593994,0.000000,153.593994
2025-07-28,152.167007,152.167007,152.167007,152.167007,0.000000,152.167007
2025-07-29,153.822006,153.822006,153.822006,153.822006,0.000000,153.822006
2025-07-30,152.207993,152.207993,152.207993,152.207993,0.000000,152.207993
2025-07-31,150.498993,150.498993,150.498993,150.498993,0.000000,150.498993
2025-08-01,150.014008,150.014008,150.014008,150.014008,0.000000,150.014008
2025-08-04,,,,,,
2025-08-05,152.360992,152.360992,152.360992,152.360992,0.000000,152.360992
2025-08-06,152.050995,152.050995,152.050995,152.050995,0.000000,152.050995
2025-08-07,152.735001,152.735001,152.735001,152.735001,0.000000,152.735001
2025-08-08,151.979004,151.979004,151.979004,151.979004,0.000000,151.979004
2025-08-11,151.177994,151.177994,151.177994,151.177994,0.000000,151.177994
2025-08-12,152.248993,152.248993,152.248993,152.248993,0.000000,152.248993
2025-08-13,153.552002,153.552002,153.552002,153.552002,0.000000,153.552002
2025-08-14,152.291000,152.291000,152.291000,152.291000,0.000000,152.291000
2025-08-15,152.822006,152.822006,152.822006,152.822006,0.000000,152.822006
2025-08-18,151.820007,151.820007,151.820007,151.820007,0.000000,151.820007
2025-08-19,153.750000,153.750000,153.750000,153.750000,0.000000,153.750000
2025-08-20,154.419006,154.419006,154.419006,154.419006,0.000000,154.419006
2025-08-21,154.057007,154.057007,154.057007,154.057007,0.000000,154.057007
2025-08-22,156.182999,156.182999,156.182999,156.182999,0.000000,156.182999
2025-08-25,155.425995,155.425995,155.425995,155.425995,0.000000,155.425995
2025-08-26,154.792999,154.792999,154.792999,154.792999,0.000000,154.792999
2025-08-27,155.977997,155.977997,155.977997,155.977997,0.000000,155.977997
2025-08-28,156.141998,156.141998,156.141998,156.141998,0.000000,156.141998
2025-08-29,156.628998,156.628998,156.628998,156.628998,0.000000,156.628998
2025-09-02,154.171005,154.171005,154.171005,154.171005,0.000000,154.171005
2025-09-03,154.274994,154.274994,154.274994,154.274994,0.000000,154.274994
2025-09-04,155.093002,155.093002,155.093002,155.093002,0.000000,155.093002
2025-09-05,157.003998,157.003998,157.003998,157.003998,0.000000,157.003998
2025-09-08,157.097000,157.097000,157.097000,157.097000,0.000000,157.097000
2025-09-09,157.457001,157.457001,157.457001,157.457001,0.000000,157.457001
2025-09-10,157.867996,157.867996,157.867996,157.867996,0.000000,157.867996
2025-09-11,159.686005,159.686005,159.686005,159.686005,0.000000,159.686005
2025-09-12,159.701004,159.701004,159.701004,159.701004,0.000000,159.701004
2025-09-15,159.837997,159.837997,159.837997,159.837997,0.000000,159.837997
2025-09-16,158.990997,158.990997,158.990997,158.990997,0.000000,158.990997
2025-09-17,158.192993,158.192993,158.192993,158.192993,0.000000,158.192993
2025-09-18,158.138000,158.138000,158.138000,158.138000,0.000000,158.138000
2025-09-19,157.417999,157.417999,157.417999,157.417999,0.000000,157.417999
2025-09-22,157.636993,157.636993,157.636993,157.636993,0.000000,157.636993
2025-09-23,158.445007,158.445007,158.445007,158.445007,0.000000,158.445007
2025-09-24,156.727005,156.727005,156.727005,156.727005,0.000000,156.727005
2025-09-25,155.871994,155.871994,155.871994,155.871994,0.000000,155.871994
2025-09-26,157.100006,157.100006,157.100006,157.100006,0.000000,157.100006
2025-09-29,157.294998,157.294998,157.294998,157.294998,0.000000,157.294998
2025-09-30,158.647003,158.647003,158.647003,158.647003,0.000000,158.647003
2025-10-01,158.852997,158.852997,158.852997,158.852997,0.000000,158.852997
2025-10-02,158.085007,158.085007,158.085007,158.085007,0.000000,158.085007
2025-10-03,158.298996,158.298996,158.298996,158.298996,0.000000,158.298996
2025-10-06,157.779999,157.779999,157.779999,157.779999,0.000000,157.779999
2025-10-07,157.199997,157.199997,157.199997,157.199997,0.000000,157.199997
2025-10-08,156.320999,156.320999,156.320999,156.320999,0.000000,156.320999
2025-10-09,155.572998,155.572998,155.572998,155.572998,0.000000,155.572998
2025-10-10,153.964005,153.964005,153.964005,153.964005,0.000000,153.964005
2025-10-13,,,,,,
2025-10-14,156.113007,156.113007,156.113007,156.113007,0.000000,156.113007
2025-10-15,157.889999,157.889999,157.889999,157.889999,0.000000,157.889999
2025-10-16,158.376999,158.376999,158.376999,158.376999,0.000000,158.376999
2025-10-17,158.759003,158.759003,158.759003,158.759003,0.000000,158.759003
2025-10-20,160.225006,160.225006,160.225006,160.225006,0.000000,160.225006
2025-10-21,159.774994,159.774994,159.774994,159.774994,0.000000,159.774994
2025-10-22,160.531006,160.531006,160.531006,160.531006,0.000000,160.531006
2025-10-23,160.692993,160.692993,160.692993,160.692993,0.000000,160.692993
2025-10-24,160.901993,160.901993,160.901993,160.901993,0.000000,160.901993
2025-10-27,,,,,,
2025-10-28,159.776001,159.776001,159.776001,159.776001,0.000000,159.776001
2025-10-29,157.082001,157.082001,157.082001,157.082001,0.000000,157.082001
2025-10-30,156.673004,156.673004,156.673004,156.673004,0.000000,156.673004
2025-10-31,156.406006,156.406006,156.406006,156.406006,0.000000,156.406006
2025-11-03,156.358994,156.358994,156.358994,156.358994,0.000000,156.358994
2025-11-04,156.498993,156.498993,156.498993,156.498993,0.000000,156.498993
2025-11-05,156.328003,156.328003,156.328003,156.328003,0.000000,156.328003
2025-11-06,156.376999,156.376999,156.376999,156.376999,0.000000,156.376999
2025-11-07,158.324997,158.324997,158.324997,158.324997,0.000000,158.324997
2025-11-10,157.723007,157.723007,157.723007,157.723007,0.000000,157.723007
2025-11-11,,,,,,
2025-11-12,157.746994,157.746994,157.746994,157.746994,0.000000,157.746994
2025-11-13,156.358002,156.358002,156.358002,156.358002,0.000000,156.358002
2025-11-14,156.132996,156.132996,156.132996,156.132996,0.000000,156.132996
2025-11-17,155.156006,155.156006,155.156006,155.156006,0.000000,155.156006
2025-11-18,154.992004,154.992004,154.992004,154.992004,0.000000,154.992004
2025-11-19,153.912994,153.912994,153.912994,153.912994,0.000000,153.912994
2025-11-20,153.337997,153.337997,153.337997,153.337997,0.000000,153.337997
2025-11-21,154.690002,154.690002,154.690002,154.690002,0.000000,154.690002
2025-11-24,155.570007,155.570007,155.570007,155.570007,0.000000,155.570007
2025-11-25,156.738007,156.738007,156.738007,156.738007,0.000000,156.738007
2025-11-26,158.276993,158.276993,158.276993,158.276993,0.000000,158.276993
2025-11-28,158.927002,158.927002,158.927002,158.927002,0.000000,158.927002
2025-12-01,157.235001,157.235001,157.235001,157.235001,0.000000,157.235001
2025-12-02,156.908997,156.908997,156.908997,156.908997,0.000000,156.908997
2025-12-03,157.154999,157.154999,157.154999,157.154999,0.000000,157.154999
2025-12-04,156.757996,156.757996,156.757996,156.757996,0.000000,156.757996
2025-12-05,156.339005,156.339005,156.339005,156.339005,0.000000,156.339005
2025-12-08,155.343994,155.343994,155.343994,155.343994,0.000000,155.343994
2025-12-09,154.651001,154.651001,154.651001,154.651001,0.000000,154.651001
2025-12-10,154.826004,154.826004,154.826004,154.826004,0.000000,154.826004
2025-12-11,155.240997,155.240997,155.240997,155.240997,0.000000,155.240997
2025-12-12,155.192001,155.192001,155.192001,155.192001,0.000000,155.192001
2025-12-15,155.897995,155.897995,155.897995,155.897995,0.000000,155.897995
2025-12-16,154.772003,154.772003,154.772003,154.772003,0.000000,154.772003
2025-12-17,154.647003,154.647003,154.647003,154.647003,0.000000,154.647003
2025-12-18,154.287994,154.287994,154.287994,154.287994,0.000000,154.287994
2025-12-19,154.156998,154.156998,154.156998,154.156998,0.000000,154.156998
2025-12-22,154.996994,154.996994,154.996994,154.996994,0.000000,154.996994
2025-12-23,155.263000,155.263000,155.263000,155.263000,0.000000,155.263000
2025-12-24,155.996002,155.996002,155.996002,155.996002,0.000000,155.996002
2025-12-26,,,,,,
2025-12-29,,,,,,
2025-12-30,156.679993,156.679993,156.679993,156.679993,0.000000,156.679993
2025-12-31,155.664993,155.664993,155.664993,155.664993,0.000000,155.664993
2026-01-02,156.035995,156.035995,156.035995,156.035995,0.000000,156.035995
2026-01-05,155.809998,155.809998,155.809998,155.809998,0.000000,155.809998
2026-01-06,157.035004,157.035004,157.035004,157.035004,0.000000,157.035004
2026-01-07,157.643005,157.643005,157.643005,157.643005,0.000000,157.643005
2026-01-08,158.404999,158.404999,158.404999,158.404999,0.000000,158.404999
2026-01-09,158.572006,158.572006,158.572006,158.572006,0.000000,158.572006
2026-01-12,158.869003,158.869003,158.869003,158.869003,0.000000,158.869003
2026-01-13,159.647995,159.647995,159.647995,159.647995,0.000000,159.647995
2026-01-14,160.259003,160.259003,160.259003,160.259003,0.000000,160.259003
2026-01-15,160.936996,160.936996,160.936996,160.936996,0.000000,160.936996
2026-01-16,162.250000,162.250000,162.250000,162.250000,0.000000,162.250000
2026-01-20,160.229004,160.229004,160.229004,160.229004,0.000000,160.229004
2026-01-21,159.934006,159.934006,159.934006,159.934006,0.000000,159.934006
2026-01-22,159.238007,159.238007,159.238007,159.238007,0.000000,159.238007
2026-01-23,159.632004,159.632004,159.632004,159.632004,0.000000,159.632004
2026-01-26,160.289993,160.289993,160.289993,160.289993,0.000000,160.289993
2026-01-27,160.677002,160.677002,160.677002,160.677002,0.000000,160.677002
2026-01-28,160.020996,160.020996,160.020996,160.020996,0.000000,160.020996
2026-01-29,161.953995,161.953995,161.953995,161.953995,0.000000,161.953995
2026-01-30,162.166000,162.166000,162.166000,162.166000,0.000000,162.166000
2026-02-02,,,,,,
2026-02-03,161.740997,161.740997,161.740997,161.740997,0.000000,161.740997
2026-02-04,163.003998,163.003998,163.003998,163.003998,0.000000,163.003998
2026-02-05,164.246994,164.246994,164.246994,164.246994,0.000000,164.246994
2026-02-06,165.878998,165.878998,165.878998,165.878998,0.000000,165.878998
2026-02-09,167.761002,167.761002,167.761002,167.761002,0.000000,167.761002
2026-02-10,170.442993,170.442993,170.442993,170.442993,0.000000,170.442993
2026-02-11,171.095993,171.095993,171.095993,171.095993,0.000000,171.095993
2026-02-12,171.673004,171.673004,171.673004,171.673004,0.000000,171.673004
2026-02-13,172.895996,172.895996,172.895996,172.895996,0.000000,172.895996
2026-02-17,174.210999,174.210999,174.210999,174.210999,0.000000,174.210999
2026-02-18,172.639999,172.639999,172.639999,172.639999,0.000000,172.639999
2026-02-19,172.423996,172.423996,172.423996,172.423996,0.000000,172.423996
2026-02-20,173.692993,173.692993,173.692993,173.692993,0.000000,173.692993
2026-02-23,174.278000,174.278000,174.278000,174.278000,0.000000,174.278000
2026-02-24,174.207001,174.207001,174.207001,174.207001,0.000000,174.207001
2026-02-25,174.906006,174.906006,174.906006,174.906006,0.000000,174.906006
2026-02-26,175.416000,175.416000,175.416000,175.416000,0.000000,175.416000
2026-02-27,175.490997,175.490997,175.490997,175.490997,0.000000,175.490997
2026-03-02,175.076004,175.076004,175.076004,175.076004,0.000000,175.076004
2026-03-03,172.669998,172.669998,172.669998,172.669998,0.000000,172.669998
2026-03-04,172.035995,172.035995,172.035995,172.035995,0.000000,172.035995
2026-03-05,171.112000,171.112000,171.112000,171.112000,0.000000,171.112000
2026-03-06,169.546005,169.546005,169.546005,169.546005,0.000000,169.546005
2026-03-09,168.356003,168.356003,168.356003,168.356003,0.000000,168.356003
2026-03-10,169.714005,169.714005,169.714005,169.714005,0.000000,169.714005
2026-03-11,168.115005,168.115005,168.115005,168.115005,0.000000,168.115005
2026-03-12,166.289001,166.289001,166.289001,166.289001,0.000000,166.289001
2026-03-13,165.434006,165.434006,165.434006,165.434006,0.000000,165.434006
2026-03-16,167.746994,167.746994,167.746994,167.746994,0.000000,167.746994
2026-03-17,,,,,,
2026-03-18,167.744003,167.744003,167.744003,167.744003,0.000000,167.744003
2026-03-19,165.664993,165.664993,165.664993,165.664993,0.000000,165.664993
2026-03-20,161.095001,161.095001,161.095001,161.095001,0.000000,161.095001
2026-03-23,161.014008,161.014008,161.014008,161.014008,0.000000,161.014008
2026-03-24,161.089996,161.089996,161.089996,161.089996,0.000000,161.089996
2026-03-25,161.501007,161.501007,161.501007,161.501007,0.000000,161.501007
2026-03-26,160.539993,160.539993,160.539993,160.539993,0.000000,160.539993
2026-03-27,159.059006,159.059006,159.059006,159.059006,0.000000,159.059006
2026-03-30,159.098999,159.098999,159.098999,159.098999,0.000000,159.098999
2026-03-31,160.942993,160.942993,160.942993,160.942993,0.000000,160.942993
2026-04-01,163.533997,163.533997,163.533997,163.533997,0.000000,163.533997
2026-04-02,164.001999,164.001999,164.001999,164.001999,0.000000,164.001999
2026-04-06,,,,,,
2026-04-07,164.501007,164.501007,164.501007,164.501007,0.000000,164.501007
2026-04-08,169.093994,169.093994,169.093994,169.093994,0.000000,169.093994
2026-04-09,169.533005,169.533005,169.533005,169.533005,0.000000,169.533005
2026-04-10,170.315994,170.315994,170.315994,170.315994,0.000000,170.315994
2026-04-13,170.048004,170.048004,170.048004,170.048004,0.000000,170.048004
2026-04-14,172.606995,172.606995,172.606995,172.606995,0.000000,172.606995
2026-04-15,172.992004,172.992004,172.992004,172.992004,0.000000,172.992004
2026-04-16,174.533005,174.533005,174.533005,174.533005,0.000000,174.533005
2026-04-17,176.110992,176.110992,176.110992,176.110992,0.000000,176.110992
2026-04-20,176.416000,176.416000,176.416000,176.416000,0.000000,176.416000
2026-04-21,174.436005,174.436005,174.436005,174.436005,0.000000,174.436005
2026-04-22,172.839996,172.839996,172.839996,172.839996,0.000000,172.839996
2026-04-23,173.794006,173.794006,173.794006,173.794006,0.000000,173.794006
2026-04-24,173.186996,173.186996,173.186996,173.186996,0.000000,173.186996
2026-04-27,172.546997,172.546997,172.546997,172.546997,0.000000,172.546997
2026-04-28,173.380997,173.380997,173.380997,173.380997,0.000000,173.380997
2026-04-29,172.382004,172.382004,172.382004,172.382004,0.000000,172.382004
2026-04-30,174.436996,174.436996,174.436996,174.436996,0.000000,174.436996
2026-05-01,174.759003,174.759003,174.759003,174.759003,0.000000,174.759003
2026-05-04,,,,,,
2026-05-05,174.022995,174.022995,174.022995,174.022995,0.000000,174.022995
2026-05-06,176.231003,176.231003,176.231003,176.231003,0.000000,176.231003
2026-05-07,175.425995,175.425995,175.425995,175.425995,0.000000,175.425995
2026-05-08,175.518005,175.518005,175.518005,175.518005,0.000000,175.518005
2026-05-11,175.597000,175.597000,175.597000,175.597000,0.000000,175.597000
2026-05-12,175.050003,175.050003,175.050003,175.050003,0.000000,175.050003
2026-05-13,174.395004,174.395004,174.395004,174.395004,0.000000,174.395004
2026-05-14,173.798996,173.798996,173.798996,173.798996,0.000000,173.798996
2026-05-15,171.205994,171.205994,171.205994,171.205994,0.000000,171.205994
2026-05-18,171.354004,171.354004,171.354004,171.354004,0.000000,171.354004
2026-05-19,171.908005,171.908005,171.908005,171.908005,0.000000,171.908005
2026-05-20,173.182007,173.182007,173.182007,173.182007,0.000000,173.182007
2026-05-21,173.787003,173.787003,173.787003,173.787003,0.000000,173.787003
2026-05-22,173.619003,173.619003,173.619003,173.619003,0.000000,173.619003
2026-05-26,174.436005,174.436005,174.436005,174.436005,0.000000,174.436005
2026-05-27,173.886002,173.886002,173.886002,173.886002,0.000000,173.886002
2026-05-28,173.182999,173.182999,173.182999,173.182999,0.000000,173.182999
2026-05-29,172.591995,172.591995,172.591995,172.591995,0.000000,172.591995
2026-06-01,,,,,,
2026-06-02,169.619003,169.619003,169.619003,169.619003,0.000000,169.619003
2026-06-03,169.429001,169.429001,169.429001,169.429001,0.000000,169.429001
2026-06-04,170.613007,170.613007,170.613007,170.613007,0.000000,170.613007
2026-06-05,170.921997,170.921997,170.921997,170.921997,0.000000,170.921997
2026-06-08,169.108994,169.108994,169.108994,169.108994,0.000000,169.108994
2026-06-09,171.557007,171.557007,171.557007,171.557007,0.000000,171.557007
2026-06-10,172.046997,172.046997,172.046997,172.046997,0.000000,172.046997
2026-06-11,171.809006,171.809006,171.809006,171.809006,0.000000,171.809006
2026-06-12,174.205994,174.205994,174.205994,174.205994,0.000000,174.205994
2026-06-15,173.882004,173.882004,173.882004,173.882004,0.000000,173.882004
2026-06-16,173.675003,173.675003,173.675003,173.675003,0.000000,173.675003
2026-06-17,170.998993,170.998993,170.998993,170.998993,0.000000,170.998993
2026-06-18,170.882996,170.882996,170.882996,170.882996,0.000000,170.882996
2026-06-22,172.037003,172.037003,172.037003,172.037003,0.000000,172.037003
2026-06-23,173.033005,173.033005,173.033005,173.033005,0.000000,173.033005
2026-06-24,173.850998,173.850998,173.850998,173.850998,0.000000,173.850998
2026-06-25,175.238007,175.238007,175.238007,175.238007,0.000000,175.238007
2026-06-26,176.772995,176.772995,176.772995,176.772995,0.000000,176.772995
2026-06-29,176.610992,176.610992,176.610992,176.610992,0.000000,176.610992
2026-06-30,174.123993,174.123993,174.123993,174.123993,0.000000,174.123993
2026-07-01,173.955002,173.955002,173.955002,173.955002,0.000000,173.955002
2026-07-02,176.085999,176.085999,176.085999,176.085999,0.000000,176.085999
2026-07-06,175.863007,175.863007,175.863007,175.863007,0.000000,175.863007
2026-07-07,177.613998,177.613998,177.613998,177.613998,0.000000,177.613998
2026-07-08,175.035995,175.035995,175.035995,175.035995,0.000000,175.035995
2026-07-09,175.425003,175.425003,175.425003,175.425003,0.000000,175.425003
2026-07-10,175.679993,175.679993,175.679993,175.679993,0.000000,175.679993
2026-07-13,176.046997,176.046997,176.046997,176.046997,0.000000,176.046997
2026-07-14,176.177002,176.177002,176.177002,176.177002,0.000000,176.177002
2026-07-15,176.309998,176.309998,176.309998,176.309998,0.000000,176.309998
2026-07-16,179.427994,179.427994,179.427994,179.427994,0.000000,179.427994
2026-07-17,0.000000,0.000000,0.000000,179.863998,0.000000,179.863998
2026-07-20,178.921997,178.921997,178.921997,178.921997,0.000000,178.921997
2026-07-21,180.102005,180.102005,180.102005,180.102005,0.000000,180.102005
2026-07-22,179.029007,179.029007,179.029007,179.029007,0.000000,179.029007
2026-07-23,178.404007,178.404007,178.404007,178.404007,0.000000,178.404007
2026-07-24,181.011002,181.011002,181.011002,181.011002,0.000000,181.011002
2026-07-27,181.143997,181.143997,181.143997,181.143997,0.000000,181.143997
2026-07-28,181.246002,181.246002,181.246002,181.246002,0.000000,181.246002
2026-07-29,180.421997,180.421997,180.421997,180.421997,0.000000,180.421997
2026-07-30,179.839996,179.839996,179.839996,179.839996,0.000000,179.839996
2026-07-31,178.285004,178.285004,178.285004,178.285004,0.000000,178.285004
2026-08-03,,,,,,
2026-08-04,177.796997,177.796997,177.796997,177.796997,0.000000,177.796997
2026-08-05,178.656006,178.656006,178.656006,178.656006,0.000000,178.656006
2026-08-06,177.009003,177.009003,177.009003,177.009003,0.000000,177.009003
2026-08-07,178.115005,178.115005,178.115005,178.115005,0.000000,178.115005
2026-08-10,176.126007,176.126007,176.126007,176.126007,0.000000,176.126007
2026-08-11,174.966995,174.966995,174.966995,174.966995,0.000000,174.966995
2026-08-12,176.313995,176.313995,176.313995,176.313995,0.000000,176.313995
2026-08-13,177.707993,177.707993,177.707993,177.707993,0.000000,177.707993
2026-08-14,177.832001,177.832001,177.832001,177.832001,0.000000,177.832001
2026-08-17,,,,,,
